1 0.49921875 0.5 0.9984375 1
0 0.4588443409697174 0.4613785597389735 0.9176886819394348 0.19341140956634711
2 0.8893661242518318 0.8204492582751479 0.08009116431700995 0.0728706601678251
2 0.8207461788159351 0.8341933721772394 0.08825886182749905 0.07815015601864025
2 0.2880935024755778 0.544430625925439 0.08392655933798814 0.08248245850815117
2 0.21869230703968112 0.5582339394126119 0.0869331601678252 0.08115675684847723
2 0.15343415994411055 0.5686162549743775 0.07841026514684701 0.07118976099766208
2 0.08703956533805089 0.5837452701212245 0.07876546265733608 0.07587726099766208
2 0.030191449785574177 0.5934055352680715 0.060382899571148355 0.07431476099766207
2 0.15363875994875492 0.3814005975058447 0.09162066016782515 0.08151195435896633
2 0.08351551409793981 0.39448186057809925 0.08091995850815119 0.08380816016782519
2 0.028009199372977876 0.4051009744801908 0.05601839874595575 0.07455155933798814
2 0.6073379807039682 0.026859251237788883 0.09029495850815117 0.053718502475577766
2 0.6778872790442941 0.02185151990912084 0.09005816016782511 0.04370303981824168
2 0.7420565228205168 0.014470438787912049 0.0747883576783142 0.028940877575824097
2 0.811161720331006 0.007775980592110809 0.08513386182749905 0.015551961184221618
2 0.8786452182564135 0.002466423641065041 0.08333456348717298 0.004932847282130082
4 0.8839513767506315 0.45111984043365283 0.08693316016782511 0.08115675684847723
4 0.8179119796550609 0.4615613555804998 0.08189046265733638 0.07611405933798814
4 0.7516949838042458 0.47434662072734685 0.08825886182749905 0.07815015601864025
4 0.6819861350490013 0.4819591337996014 0.08165366431700996 0.07298905933798813
4 0.6096375383683492 0.4936554956271005 0.09618976099766208 0.08030465186945542
4 0.7422761300746238 0.28086930786487374 0.09053175684847722 0.08764355518880329
4 0.8121625775851129 0.27091304479261913 0.09029495850815117 0.08451855518880329
4 0.8812085755105205 0.2617972313054461 0.08693316016782511 0.08115675684847723
4 0.2793071464708706 0.0658329518601666 0.08693316016782511 0.08115675684847726
4 0.21152765062005555 0.07873661617717664 0.07912066016782511 0.08056476099766212
4 0.14626950352448495 0.08911893173894214 0.09005816016782515 0.08139355518880328
4 0.08011170725875134 0.10112294688578913 0.08380816016782515 0.08091995850815117
4 0.02588707116084289 0.11343461535198407 0.05177414232168578 0.07625576929603187
4 0.0886072624243327 0.9525894358881271 0.07876546265733606 0.07587726099766208
4 0.03262659770633734 0.9591839006200555 0.06525319541267469 0.07334425684847723