1 0.5 0.5 1 1
0 0.4792393634106971 0.4723560834029607 0.9584787268213942 0.2037600495288146
4 0.9270317322484611 0.22652765119682478 0.0887150192218769 0.08575893992586625
4 0.8580327487568045 0.2187994859505479 0.09085072930778537 0.09675100362819702
4 0.9088472190194782 0.36519084711314076 0.08534435775648745 0.08096231252120453
4 0.11161917345117686 0.1021577223251858 0.08567190637700661 0.0872123125212045
4 0.2298535170741703 0.18224947169221362 0.08583568068726607 0.09033731252120454
4 0.16402047716007856 0.173630929041275 0.08567190637700661 0.0872123125212045
4 0.09543425147033804 0.17290673194383266 0.0823831320667471 0.08397818511654283
4 0.2700547139310955 0.30795631062228795 0.09701884215265535 0.09540675843752044
4 0.20097716531057647 0.3166071135248456 0.0844369549975256 0.09340774881887368
4 0.14134985979265252 0.293735097915749 0.08427318068726608 0.09028274881887359
4 0.07667320612917938 0.3076909597113141 0.0792581320667471 0.0838690577118811
4 0.07393330845860005 0.3748511778601486 0.0917581320667471 0.08430556733052796
3 0.31363213704358806 0.6370783262313846 0.05590916327441153 0.05498016587924912
3 0.3055219866594753 0.7769493580825501 0.06067855042954129 0.0567063569862416
2 0.7826410866140467 0.6752875881274661 0.08764384215265544 0.09507937622353531
2 0.7333171952750455 0.574853567709046 0.08271068068726599 0.09022818511654282
2 0.8401659023087362 0.8573163489272393 0.08896068068726634 0.09044643992586643
2 0.8571187861845054 0.7272741848620887 0.08846935775648745 0.08107143992586607
2 0.8638058774326496 0.659196307457427 0.09175813206674732 0.08430556733052796
2 0.8743992186807941 0.5909820207969382 0.09521068068726635 0.09066469473518968
2 0.8083171952750454 0.572234509997165 0.08838747060135788 0.07950893992586608
2 0.0970930902320914 0.6025297445577044 0.09200379353213635 0.08899306733052796
2 0.03478613890838123 0.5908953293114274 0.06957227781676247 0.08710318511654283
2 0.20970819764989473 0.7452033394782285 0.09512879353213632 0.0891021947351895
2 0.14108102838258935 0.7452603923807862 0.08542624491161735 0.08252481252120454
2 0.07607018204606249 0.7358333178786821 0.0808206320667471 0.08392362141421188
2 0.023309188716324834 0.7305580300370669 0.04661837743264967 0.08564981252120454
2 0.05208937019656044 0.880937486753156 0.0886331320667471 0.08419643992586642
2 0.01251112958035625 0.8722370985487211 0.0250222591607125 0.08052580290255769