0 0.46163844241909047 0.50390625 0.8734260643661734 0.15625
1 0.4950393483908456 0.503125 0.9900786967816912 0.990625
3 0.45142756209725954 0.5046875 0.0735574683211162 0.06875
3 0.39955905949936954 0.48671875 0.0586208831718225 0.05625
2 0.6276962230895679 0.86640625 0.07599405347041036 0.08125
2 0.6852191459860457 0.859375 0.06840007475773362 0.084375
2 0.744140677917031 0.8546875 0.07275979282674853 0.0796875
2 0.8036795688825235 0.85234375 0.07275979282674853 0.0796875
2 0.8597492524226631 0.84375 0.07900979282674854 0.0796875
4 0.848122609615585 0.6078125 0.07701025025210165 0.0734375
4 0.7874200563972764 0.615625 0.07254127153942491 0.0765625
4 0.7295529260754454 0.61640625 0.07544775025210164 0.0734375
4 0.3382841618254876 0.89375 0.07991672896477811 0.0703125
4 0.27378461925084063 0.9 0.07701025025210155 0.0734375
4 0.20788646764168628 0.90390625 0.072541271539425 0.0765625
4 0.15477789313605414 0.91484375 0.07297831411407193 0.0828125
4 0.09116886120506892 0.91953125 0.07744729282674849 0.0796875
4 0.13727648885213517 0.1484375 0.078791271539425 0.0765625
4 0.07388597820847344 0.15 0.08213479282674847 0.0796875
4 0.6058033416824562 0.40859375 0.07544775025210164 0.0734375
4 0.668068394900765 0.40078125 0.06618201089576328 0.075
4 0.721575807153581 0.3953125 0.07501070767745457 0.0671875
4 0.7815517406937206 0.38671875 0.07522922896477802 0.0703125
4 0.8405279029465366 0.38125 0.06618201089576345 0.075
2 0.22017257223671827 0.65 0.07813570767745456 0.0671875
2 0.15556376901840957 0.6578125 0.0758847928267485 0.0796875
2 0.09277419191488737 0.65078125 0.077228771539425 0.0765625
2 0.32102415009654506 0.43671875 0.07355746832111638 0.06875
2 0.26277460752189813 0.44296875 0.07522922896477802 0.0703125
2 0.20837668462542033 0.45 0.07210422896477801 0.0703125
2 0.15274404365992772 0.45234375 0.07232275025210155 0.0734375
2 0.09778339205077338 0.45625 0.07857275025210156 0.0734375
2 0.8339436752422664 0.084375 0.06941627153942491 0.0765625
2 0.7779832523457884 0.09140625 0.07588479282674854 0.0796875