1 0.46787701347323984 0.4950027222645833 0.8986209730535203 0.9900054445291666
3 0.5420706074545996 0.5652684033072912 0.02736798340326043 0.03183188145888884
3 0.5496337311049534 0.6095450801690273 0.030729781743586492 0.03502961664125
0 0.46949871305832136 0.4835112166619093 0.1355755987784665 0.9452410712384027
2 0.4679837572494626 0.47262826804868013 0.07393625269929238 0.09062630642076393
2 0.7397572105595217 0.8484400067464228 0.07346265601864026 0.08437630642076392
2 0.8560714786293756 0.037237588337152426 0.0701008576783142 0.07447517667430485
2 0.7337188528812074 0.9281275067464229 0.0732258576783142 0.08125130642076392
2 0.6685674495618595 0.9234049455760063 0.07393625269929238 0.09062630642076393
2 0.49663601782291744 0.7737718875397217 0.07069285352912935 0.08899107123840296
2 0.4905384605595217 0.8542406375397217 0.0701008576783142 0.08117857123840296
2 0.4856365503916965 0.9292224537441314 0.06986405933798814 0.07805357123840295
2 0.3213982968672116 0.8324416387739927 0.07381785352912935 0.08906380642076392
2 0.19181569541267468 0.9267027446816666 0.07682445435896632 0.0875740416031249
2 0.3101512983171041 0.9294075577519442 0.07346265601864026 0.08437630642076392
2 0.3821223093147662 0.8544244351267704 0.07069285352912935 0.08899107123840296
2 0.3706744012215335 0.9334579716959024 0.06721265601864027 0.08423083605604162
2 0.16483117199067987 0.037871134783645774 0.06974566016782516 0.07574226956729155
2 0.15734871348252866 0.1156581015392707 0.07057445435896632 0.08742857123840282
4 0.8008131097296847 0.8454591706903812 0.07706125269929238 0.09069904160312489
4 0.6774612265547832 0.036975882932239315 0.06998245850815117 0.07395176586447863
4 0.6165461147272842 0.10730977973218699 0.06361405933798814 0.07790810087368061
4 0.6174233757249462 0.03494158406246503 0.06939046265733602 0.06988316812493006
4 0.5595516761398647 0.03754932570371505 0.06673905933798814 0.0750986514074301
4 0.5557862134825287 0.1063843657882287 0.06626546265733602 0.07173083605604172
4 0.5486589524848665 0.17985823337940926 0.0638508576783142 0.08103310087368057
4 0.40414212572494623 0.038945558701874654 0.06939046265733602 0.07180357123840284
4 0.3847516630676102 0.10958536702249969 0.06662066016782511 0.07641833605604172
4 0.28160427489510925 0.04043178390996517 0.0732258576783142 0.08086356781993034
4 0.2660608626526917 0.111568053952222 0.0732258576783142 0.08125130642076392
4 0.08105856201405859 0.7725263505893402 0.07682445435896632 0.0875740416031249
4 0.07039190392082588 0.8515417033628818 0.07057445435896632 0.08742857123840295