0 0.5044945051701477 0.5142215978697343 0.8817596672787225 0.1947738498840817
1 0.5 0.5 1 1
3 0.5304352518361679 0.4981482703031361 0.05411341515269079 0.03335101087441501
3 0.538407119564234 0.5194966882879137 0.06530600666795969 0.036921679847775654
4 0.8566951207721821 0.42189742399063873 0.08957242515463051 0.08618685079830275
4 0.7809616681968066 0.4289339911771135 0.09451501666989941 0.08950285178688588
4 0.7144756698637964 0.43479006034075474 0.09569487939699588 0.08487901878308027
4 0.6385508986519691 0.4394828775272295 0.09725737939699589 0.08494268577927463
4 0.5540961503189591 0.4446067762346352 0.12146015394280311 0.09527269072219066
4 0.8943220218400473 0.6157575119373602 0.09256987939699571 0.0847516847906915
4 0.8180624107799407 0.6258872456257378 0.10089256242753422 0.0913200197716634
4 0.7430464353257479 0.6321743963103097 0.12327774545807202 0.09846135771838505
4 0.41551020624771107 0.9562639053989326 0.10739765394280312 0.08747218920213484
4 0.3451179579147011 0.959080522737413 0.11052265394280311 0.08183895452517405
4 0.2656855494299702 0.9606138478325533 0.10688747091226496 0.07877230433489331
4 0.19991702821814283 0.9672485084029571 0.08842451333591957 0.06550298319408583
4 0.15889341549104646 0.9715858399238879 0.03922173879011233 0.056828320152224165
4 0.048437113186138345 0.11643542490485978 0.08514001666989945 0.08912084980971957
2 0.7913423481832289 0.06961999958007051 0.11393469636645773 0.07939302273741303
2 0.7089124854561325 0.07093314878176775 0.09907497091226496 0.0881313527754691
2 0.31296083835046706 0.4667059748283101 0.09256987939699587 0.08475168479069169
2 0.24197865865390877 0.4747147930033681 0.09256987939699587 0.0847516847906915
2 0.1720487959268124 0.4765372781746205 0.09256987939699583 0.0847516847906915
2 0.10152900183616782 0.48067167984777565 0.08800992515463038 0.08612318380210837
2 0.06278536623025414 0.48298625494291586 0.033864559093554104 0.07145850593149916
2 0.21318333426758115 0.6752122001137307 0.08852010818516849 0.09237318380210838
2 0.14129235881338834 0.6816266847906916 0.08488492515463038 0.08599584980971961
2 0.10189501896510919 0.6854719263877345 0.026052059093554104 0.07114017095052709
2 0.9567189550155174 0.9121351048269976 0.08656208996896524 0.1053188527754692
2 0.8886609216999641 0.9184222555115695 0.08526756242753422 0.09068334980971962
2 0.8193847632152333 0.9187140741809191 0.08839256242753386 0.09081068380210837
2 0.7604401979127614 0.931106644827435 0.10102010818516867 0.0928825197716634
2 0.6820441309432995 0.9341414615196182 0.1161029742462448 0.10595552273741297