1 0.5 0.5046875 0.8171875 0.9328125
0 0.49921875 0.50390625 0.0359375 0.896875
3 0.24921875 0.7140625 0.03203125 0.0484375
3 0.28359375 0.6953125 0.03828125 0.04921875
4 0.13203125 0.0875 0.0734375 0.08671875
4 0.13203125 0.1640625 0.065625 0.08671875
4 0.13203125 0.24609375 0.06484375 0.08671875
4 0.13359375 0.321875 0.06796875 0.08515625
4 0.13203125 0.3984375 0.06796875 0.090625
4 0.36796875 0.9203125 0.07109375 0.0921875
4 0.36796875 0.840625 0.06796875 0.0875
4 0.36796875 0.7625 0.0703125 0.090625
4 0.565625 0.921875 0.07265625 0.08359375
4 0.56328125 0.8390625 0.0671875 0.0875
4 0.56484375 0.7578125 0.0671875 0.08046875
4 0.565625 0.68203125 0.06484375 0.08046875
4 0.5640625 0.6046875 0.065625 0.08359375
4 0.8546875 0.165625 0.065625 0.08515625
4 0.8546875 0.08671875 0.0671875 0.08203125
2 0.1390625 0.91953125 0.06796875 0.0875
2 0.1375 0.8421875 0.065625 0.08203125
2 0.13984375 0.603125 0.065625 0.08046875
2 0.13828125 0.68203125 0.06953125 0.08046875
2 0.13828125 0.76015625 0.0625 0.08046875
2 0.3671875 0.24375 0.06484375 0.08203125
2 0.3671875 0.16484375 0.0625 0.08046875
2 0.36796875 0.0828125 0.065625 0.08671875
2 0.56015625 0.08125 0.07109375 0.0890625
2 0.55859375 0.16640625 0.06796875 0.08359375
2 0.56015625 0.24375 0.07109375 0.0875
2 0.56015625 0.32421875 0.06953125 0.08203125
2 0.56015625 0.40078125 0.07109375 0.09375
2 0.853125 0.840625 0.06796875 0.08515625
2 0.85390625 0.91953125 0.06953125 0.08203125