3 0.353125 0.50390625 0.03125 0.0359375
3 0.3234375 0.60078125 0.0296875 0.03203125
1 0.50390625 0.51015625 0.95546875 0.97890625
4 0.07109375 0.06796875 0.0765625 0.08046875
4 0.0734375 0.1421875 0.0765625 0.08203125
4 0.92578125 0.37109375 0.078125 0.08046875
4 0.92421875 0.29609375 0.078125 0.08359375
4 0.92578125 0.2203125 0.08046875 0.0765625
4 0.928125 0.14765625 0.0796875 0.084375
4 0.92734375 0.0671875 0.078125 0.0765625
4 0.4359375 0.67578125 0.08046875 0.084375
4 0.43828125 0.75078125 0.0796875 0.07890625
4 0.4375 0.825 0.08359375 0.08046875
4 0.43671875 0.89765625 0.0765625 0.07890625
4 0.43125 0.96875 0.08203125 0.0625
4 0.63671875 0.82421875 0.08046875 0.07890625
4 0.63515625 0.9 0.08046875 0.071875
4 0.63828125 0.96640625 0.08046875 0.0609375
2 0.07109375 0.8953125 0.0765625 0.0765625
2 0.06875 0.96640625 0.0765625 0.0609375
2 0.6375 0.22109375 0.0796875 0.08046875
2 0.63984375 0.146875 0.0765625 0.0765625
2 0.63828125 0.07421875 0.07578125 0.07890625
2 0.43671875 0.071875 0.07421875 0.08359375
2 0.4375 0.14765625 0.07578125 0.0765625
2 0.4375 0.21796875 0.078125 0.075
2 0.4375 0.2921875 0.078125 0.0765625
2 0.4375 0.365625 0.08046875 0.084375
2 0.9265625 0.675 0.0796875 0.08046875
2 0.9265625 0.7515625 0.0796875 0.08046875
2 0.928125 0.82734375 0.08203125 0.07890625
2 0.92890625 0.903125 0.08203125 0.08046875
2 0.92734375 0.96796875 0.078125 0.05859375
0 0.5015625 0.509375 0.05234375 0.965625