0 0.4984375 0.4984375 0.0453125 0.68203125
1 0.5015625 0.4984375 0.715625 0.71328125
3 0.50078125 0.51171875 0.03828125 0.04140625
3 0.31484375 0.51171875 0.03515625 0.034375
3 0.3328125 0.55703125 0.03515625 0.03671875
3 0.71953125 0.51171875 0.0328125 0.0328125
3 0.69375 0.55546875 0.0296875 0.028125
4 0.1875 0.1734375 0.065625 0.0625
4 0.1875 0.22890625 0.06796875 0.059375
4 0.18671875 0.28359375 0.05859375 0.05546875
4 0.1875 0.33828125 0.065625 0.05703125
4 0.18828125 0.39375 0.0640625 0.065625
4 0.39765625 0.70859375 0.059375 0.059375
4 0.39921875 0.76484375 0.059375 0.05234375
4 0.40234375 0.8203125 0.0640625 0.05859375
4 0.54921875 0.5984375 0.0609375 0.0609375
4 0.5484375 0.65390625 0.059375 0.05234375
4 0.55078125 0.709375 0.065625 0.05859375
4 0.55 0.7625 0.059375 0.05703125
4 0.54921875 0.8203125 0.05859375 0.05546875
4 0.82578125 0.1734375 0.05234375 0.05703125
4 0.82578125 0.23046875 0.05859375 0.0625
2 0.1859375 0.59765625 0.05703125 0.059375
2 0.1875 0.6546875 0.0625 0.065625
2 0.1859375 0.70703125 0.065625 0.05703125
2 0.18828125 0.76640625 0.0609375 0.05859375
2 0.18671875 0.81796875 0.0609375 0.059375
2 0.4015625 0.1734375 0.05234375 0.059375
2 0.39921875 0.22890625 0.059375 0.05078125
2 0.39921875 0.284375 0.05703125 0.05703125
2 0.5484375 0.39453125 0.05703125 0.05390625
2 0.5484375 0.33828125 0.05390625 0.05390625
2 0.55078125 0.28359375 0.05390625 0.05859375
2 0.55078125 0.22578125 0.05390625 0.05078125
2 0.5515625 0.17109375 0.05546875 0.05859375
2 0.82578125 0.7625 0.05859375 0.05703125
2 0.82578125 0.8203125 0.0609375 0.05546875