3 0.5660532044316987 0.2978151700747693 0.10359639077317447 0.09958292401336308
3 0.5009914484388049 0.35249303206554244 0.0801655348257091 0.06964088534372674
3 0.4225555099496227 0.27116066872213385 0.11354460085908258 0.11062951201463563
3 0.31370945443169873 0.29487888470718 0.1086114393936934 0.10588746801399936
3 0.38807204658435407 0.3878754540499522 0.10565021370395282 0.10897610534690845
1 0.5 0.5 1 1
0 0.53379456411078 0.5161015460693605 0.9324108717784402 0.21081789345953972
4 0.9654805339769688 0.8008252754614487 0.06903893204606248 0.10119996801399936
4 0.16734006049070566 0.9723749866724998 0.06388543758467105 0.05525002665500054
4 0.1396953380803255 0.8479840613462721 0.06223440637700657 0.08504770934118148
4 0.11152167118786933 0.6977477040101814 0.06864818068726612 0.0882454346753633
4 0.1533827860689045 0.3195596166852264 0.09586577792830413 0.10105451734563582
4 0.09367691542211813 0.3274533853437268 0.08945200361804462 0.097856792011454
4 0.04231581128367516 0.3455943106699544 0.0530231806872661 0.08806362133990878
4 0.03001280585660824 0.20022726666931803 0.0436481806872661 0.08795453333863605
4 0.9533877691083056 0.6506161901256761 0.09322446178338879 0.09803860534690845
4 0.8881350808442363 0.6630610987825856 0.10573210085908258 0.11053860534690844
4 0.8119001294647553 0.6684202134388588 0.10704893939369313 0.10586928668045381
4 0.7432286945936177 0.6840173940960865 0.10877521370395282 0.10901246801399936
4 0.884806526457966 0.28668950278481276 0.10696705223856355 0.1043067866804539
4 0.8110790993887447 0.2952008894414041 0.11165455223856355 0.10436133068109026
4 0.9302296483479479 0.5276963107892672 0.09513543758467122 0.05732269867918127
2 0.9541607140426371 0.724090052792767 0.09167857191472564 0.09660337468172671
2 0.9472400859326189 0.5841099427911761 0.09389384215265544 0.09322383601209036
2 0.8709641909755732 0.5886878074474493 0.10227955223856355 0.10425224267981754
2 0.9083093034817591 0.3626980194541308 0.10014384215265544 0.09329656134627218
2 0.8282909328349726 0.3703554307765404 0.10532266508343398 0.10272610534690844
2 0.8664040072360892 0.20371337078290375 0.10359639077317447 0.099582924013363
2 0.15349556648359947 0.9176334900143175 0.06980124491161735 0.08045111600890849
2 0.23774333446228088 0.7523090293602716 0.0924132293077851 0.094768154678545
2 0.1193994482116623 0.773574407344045 0.06001680913596861 0.07252952800763594
2 0.15577960424998466 0.6334584846833173 0.0827173247398008 0.05873974801081765
2 0.09973432213780901 0.6367102066756815 0.05262038896415207 0.050581802673454135
2 0.10480252317860575 0.40566020134468134 0.0884693577564876 0.07910679201145392
2 0.05101578188503301 0.42221135467059073 0.05516553482570907 0.06934998400699968
2 0.036164308570141704 0.27291078866963625 0.04743492198083883 0.0708215773392725