1 0.5 0.5 1 1
4 0.2671551628623742 0.14920142494974178 0.09592155405833439 0.1080158858421822
4 0.28151257865161466 0.23331353012188488 0.09593064441741399 0.10957838584218224
0 0.4186085785534188 0.1732441040758348 0.1028260599120669 0.2207341406515056
0 0.5587587963578902 0.7970139646902735 0.0895170179539809 0.08123513103285873
2 0.3387912091220685 0.8643477645127883 0.09590337334017515 0.10489088584218216
2 0.3555105556294682 0.9454167152384276 0.09745678298109554 0.10338294954451328
2 0.3560054593184603 0.9874876202330857 0.09864657825883114 0.0250247595338287
2 0.5170293177297166 0.9771255283077863 0.0862829336450254 0.045748943384427324
2 0.5529865610904172 0.5803621780297847 0.09272383118569749 0.09540675843752063
2 0.5579553413410382 0.6664906509879427 0.11004768657189175 0.11944445916315996
2 0.5912258627128647 0.8575348024392214 0.10685905405833437 0.10839783175849824
4 0.5242131630587659 0.287891935834333 0.10377041549465282 0.11453870435383653
4 0.4607319251590144 0.32005710588993336 0.0755272408266178 0.09324405771188111
2 0.6221486097859985 0.9148760764858388 0.09903746369925485 0.10656251324684404