1 0.5117135040097822 0.5072382447354427 0.9765729919804356 0.9774564804748852
0 0.532892557059802 0.5103723350945224 0.9192692365817647 0.08656786006157624
3 0.5299480297619061 0.5010109706331417 0.039702850092285046 0.03459316861791084
3 0.6052484184108541 0.5052621333973202 0.039702850092285046 0.03459316861791084
4 0.13018997069029403 0.9339659338414172 0.0781435888335181 0.0738647468767418
4 0.19825885023994333 0.9351330032214538 0.07834384793281676 0.0769897468767418
4 0.26559654456441734 0.9370858677810302 0.07521884793281668 0.07697156615858276
4 0.335959109339242 0.9374580516224474 0.07834384793281676 0.07698974687674216
4 0.4195027945644173 0.9361904674116879 0.08781897748246603 0.07860678903121965
4 0.825718012024734 0.6649769801011115 0.07990634793281685 0.07699883723582168
4 0.8942176881506108 0.6606707543016084 0.07521884793281686 0.07697156615858276
4 0.9619980116417505 0.6618332785021052 0.07600397671649901 0.07386474687674216
4 0.16908876387966063 0.08967505747617995 0.07834384793281676 0.07698974687674202
4 0.09298733883351809 0.0729238947120016 0.07990634793281674 0.07699883723582164
4 0.6783867273255826 0.439187160622879 0.08020673658176455 0.08168633723582168
4 0.7480681716500566 0.441126389643836 0.07189358883351815 0.07382838544042372
4 0.8161871159745304 0.4430747090238727 0.07814358883351816 0.07386474687674216
4 0.8832744864248813 0.44112132358344913 0.07229410703211556 0.08007838544042371
4 0.9531561898486538 0.4461855526044062 0.07970608883351815 0.07387383723582168
2 0.11587264265411759 0.6495682079437181 0.08459384793281673 0.0770261083130606
2 0.18799796652824088 0.6530563014260558 0.07511871838316742 0.07540906615858275
2 0.2560668460778902 0.6542233708060923 0.0912443661314141 0.08331246974937905
2 0.7053098866371379 0.9446877268796576 0.08313147748246603 0.07857951795398108
2 0.777966136637138 0.9442650251824555 0.08186936613141409 0.08325792759490121
2 0.8411472570874885 0.942334365639731 0.07874436613141426 0.08323974687674181
2 0.9088854696105599 0.9505372301993074 0.08333173658176492 0.08170451795398108
2 0.9690815784976017 0.9470031640407246 0.06183684300479655 0.0801329275949012
2 0.8509395411775564 0.09508666091746662 0.08781897748246621 0.07860678903121973
2 0.9313582264027319 0.0938372574248663 0.08675712523071262 0.08641019867214013
2 0.3817422648025113 0.43231603366846655 0.0888202729789593 0.09423178903121965
2 0.31064851480251127 0.43272964500658917 0.080306866131414 0.08324883723582169
2 0.24250978408084273 0.4182767804470128 0.07854410703211538 0.08011474687674217
2 0.1718468306570701 0.4132170966055956 0.08176923658176474 0.0816954275949012
2 0.10586088525286194 0.4323579820460191 0.08010660703211539 0.08012383723582168