1 0.5 0.5 1 1
0 0.48353281121779473 0.5146621743858146 0.2764642016709676 0.9631605442066477
3 0.2046265612177947 0.5065468313536661 0.08612318380210837 0.08365959765100203
3 0.2826069811797386 0.49317230463148876 0.08280718281352524 0.07888116943775678
3 0.7877202455141946 0.43982026491068077 0.08924818380210837 0.08375052586424747
2 0.03849215562748788 0.1527445667721897 0.07698431125497576 0.09611413354437941
4 0.15273638635011597 0.14836460682220215 0.0912563527754691 0.09473348997087014
4 0.16077703802327115 0.2197766055685609 0.0959438527754691 0.09486988229073816
4 0.6388741576046543 0.061609033715299265 0.0847516847906915 0.08830163354437941
4 0.2647338012947819 0.9510075366848001 0.08287084980971962 0.08044366943775678
4 0.45726615258737624 0.8713524435861444 0.09087435079830275 0.08535848997087
4 0.47275188973579496 0.9328127808123053 0.07974584980971962 0.08035274122451135
4 0.6511646857049126 0.7197768863808662 0.09581651878308044 0.09174488229073816
4 0.6611180058571369 0.7826405992338478 0.08924818380210837 0.08375052586424729
4 0.8893119900398062 0.8643692870140047 0.0881313527754692 0.09464256175762457
4 0.6633224930055557 0.8437144915537157 0.09081068380210837 0.08379598997087001
4 0.67561956315778 0.9066464005666311 0.07993685079830275 0.0850402412245117
2 0.11155440456454262 0.8519071439692206 0.0925641847906915 0.08852895407749273
2 0.12609972422247537 0.9172509991420702 0.08599584980971957 0.08053459765100221
2 0.13399579585757446 0.9699009745314641 0.08386034684397004 0.06019805093707191
2 0.3412326342985875 0.9547977779093115 0.08612318380210837 0.08365959765100221
2 0.3477743137264337 0.10319817399010325 0.09887785178688588 0.09027331050398354
2 0.3568190498862693 0.16916415478977337 0.089184516805914 0.08218802586424748
2 0.3620530365403964 0.23267272532288677 0.08599584980971953 0.08053459765100213
2 0.4850806541446131 0.07355980126627651 0.08800401878308044 0.09151756175762478
2 0.8065073265780149 0.05553619312392614 0.08698534684397004 0.06651756175762477
2 0.7854971482131141 0.11045937384445396 0.08625051779449713 0.08678459765100208
2 0.7923254683653385 0.17323215848419005 0.08593218281352506 0.07897209765100213
2 0.8124350385175628 0.23639138803021895 0.08306185079830257 0.08513116943775678
2 0.7381142459713053 0.831811536618293 0.08612318380210837 0.08365959765100187
2 0.7503158156292379 0.8970871956312086 0.07811968281352506 0.07874477711788863