1 0.5153524961725693 0.5270260832190854 0.9053292561351922 0.9273524683380503
0 0.5246138359060126 0.523611156149864 0.8354661385589445 0.0812277408392875
3 0.5292260942192828 0.7625508254171693 0.03523881802583091 0.031489017412854634
3 0.49662053120801686 0.6875165258921392 0.038318353919208195 0.03009029172311415
2 0.7483431894295094 0.41130698722124287 0.08012542069139794 0.07284435775648763
2 0.824678368896396 0.40750695782260066 0.07690949247815268 0.06955558344622795
2 0.9038346714828208 0.42023600915665316 0.0770913489046432 0.07580558344622812
2 0.906651097584495 0.5974569284239586 0.07718227711788864 0.07893058344622812
2 0.8323868834778725 0.5920047885552954 0.07700042069139812 0.07268058344622794
2 0.7566510975844951 0.5895957615315024 0.08168792069139794 0.0729262449116174
2 0.6800204014245611 0.5832395409301446 0.07851745658477523 0.07119997060135788
2 0.6066056334778724 0.5801720946390463 0.08325042069139794 0.07300813206674697
2 0.22055945104148494 0.9047262008136542 0.08959134890464338 0.07646068068726634
2 0.14091741514810763 0.9021124559020368 0.08651181301126601 0.07785940637700647
2 0.43985577335696496 0.13069995985876565 0.08334134890464337 0.0761331320667471
2 0.358605773356965 0.12644182779201857 0.08030727711788863 0.07909435775648758
2 0.281193827197031 0.12004466361309582 0.08186977711788863 0.07917624491161734
2 0.20224211309040832 0.11434686227904337 0.08651181301126601 0.07785940637700661
2 0.12172789898378562 0.10856717378986114 0.08334134890464333 0.0761331320667471
4 0.8939893438900786 0.16230067842395857 0.08481292069139812 0.07309001922187686
4 0.8150830938900784 0.1581653770899061 0.07856292069139811 0.07276247060135783
4 0.7400830938900784 0.154234793643678 0.07856292069139795 0.07276247060135783
4 0.6657961477301444 0.14800140377501478 0.07856292069139795 0.07276247060135783
4 0.5899467015702105 0.14168612675122183 0.08325042069139812 0.0730081320667471
4 0.2864425830030187 0.3808593328804012 0.08007995658477522 0.07128185775648763
4 0.20834031505633005 0.3775462251239136 0.08012542069139794 0.07284435775648763
4 0.12975231380268884 0.3843484237898611 0.08325042069139799 0.07300813206674714
4 0.4464948475844951 0.5733411612382466 0.07856292069139795 0.07276247060135788
4 0.37147211553118376 0.5686293277920186 0.0831594924781526 0.06988313206674715
4 0.29265679374442916 0.5676190264579661 0.08811977711788863 0.07950379353213641
4 0.21444086553118374 0.5603996687014785 0.0847219924781526 0.0699650192218769
4 0.8351076843484375 0.9267925463572115 0.07700042069139812 0.0726805834462283
4 0.913141756135192 0.9277619041136991 0.0816424565847754 0.07136374491161739