1 0.5 0.5 1 1
0 0.47511943177473387 0.49318028991498253 0.9502388635494677 0.17425875760224835
2 0.8287329877634537 0.9636003115813965 0.08645271046687383 0.06298178903121965
2 0.7617730009176332 0.96008494702182 0.08065773677523325 0.07075792759490156
2 0.6941227693334847 0.9550116276417835 0.0843287683452644 0.0801511083130606
2 0.6258732982726798 0.9468178534412868 0.07982327886860788 0.08324883723582133
2 0.5598765719502031 0.9401729437021704 0.08598227360693614 0.08172269867214013
2 0.968546331697088 0.11854182075477873 0.05307876834526439 0.07996930113146816
2 0.9165666027437755 0.11259634778394592 0.07945925782192091 0.07699883723582168
2 0.14919376108804105 0.589556882808145 0.0794592578219206 0.07699883723582168
2 0.08246128739640031 0.5821352682485685 0.0843287683452643 0.0801511083130606
2 0.028624227884949734 0.5731602440480716 0.05724845576989947 0.08172269867214013
2 0.31912537144197556 0.4073796661820239 0.08754477360693613 0.08173178903121965
2 0.25161164775033484 0.3999625968019873 0.08102175782192056 0.0770079275949012
2 0.18414342668952996 0.39176427742195064 0.08102175782192056 0.0770079275949013
2 0.11653869773621735 0.385909708041914 0.087635778868608 0.08329428903121983
2 0.047553479306248446 0.376939229020957 0.087635778868608 0.08329428903121983
4 0.2295212140153431 0.899921690186129 0.0843287683452643 0.0801511083130606
4 0.16044499032370235 0.892513711165172 0.07973227360693617 0.08168633723582168
4 0.7449165137894641 0.6595036849215716 0.08451077886860806 0.0832761083130606
4 0.8133024927427768 0.6653537091220685 0.08129477360693613 0.0816954275949012
4 0.8846314611727457 0.6743105526044062 0.08928928413027962 0.08486587939029935
4 0.09527501663206157 0.885083006246516 0.08138577886860801 0.08325792759490155
4 0.03576683987194445 0.8768801416869396 0.0715336797438889 0.08016019867214012
4 0.00010235565695999693 0.8678278494342659 0.00020471131391999387 0.07996930113146802
4 0.18103789739739895 0.030055138661877395 0.0847992052052021 0.06011027732375479
4 0.11164315528990672 0.027915921741168793 0.08608868942018658 0.055831843482337586
4 0.6464012320076715 0.4468678504162245 0.0808397472985769 0.0738829275949012
4 0.7162587056993124 0.45427128425764174 0.07927724729857691 0.07387383723582168
4 0.7851984214984453 0.46402301327859874 0.08607327886860787 0.08328519867214013
4 0.8504138978209219 0.4706724681972549 0.0812037683452644 0.0801329275949012