1 0.503125 0.47734375 0.96953125 0.9078125
0 0.49375 0.48671875 0.090625 0.86796875
3 0.2671875 0.55546875 0.05234375 0.07734375
3 0.3453125 0.53671875 0.06171875 0.0828125
2 0.08515625 0.1578125 0.0734375 0.071875
2 0.0828125 0.215625 0.0828125 0.075
2 0.0828125 0.28203125 0.07734375 0.08203125
2 0.35625 0.16015625 0.0734375 0.07578125
2 0.35625 0.2296875 0.08046875 0.0859375
2 0.77421875 0.153125 0.078125 0.0734375
2 0.775 0.21328125 0.07265625 0.07734375
2 0.7765625 0.271875 0.07734375 0.07890625
2 0.77421875 0.34140625 0.078125 0.08984375
2 0.69921875 0.78515625 0.075 0.06953125
2 0.70234375 0.8421875 0.0734375 0.0734375
2 0.6984375 0.88984375 0.07578125 0.0359375
4 0.9015625 0.7890625 0.07734375 0.075
4 0.903125 0.846875 0.0734375 0.07578125
4 0.91484375 0.896875 0.0859375 0.0359375
4 0.90625 0.28359375 0.08046875 0.0859375
4 0.909375 0.215625 0.08125 0.0640625
4 0.909375 0.153125 0.08125 0.0734375
4 0.4171875 0.84609375 0.0828125 0.06953125
4 0.41875 0.88984375 0.07734375 0.04453125
4 0.08671875 0.7265625 0.08515625 0.071875
4 0.07890625 0.7875 0.08046875 0.06640625
4 0.0828125 0.846875 0.0734375 0.071875
4 0.08828125 0.896875 0.08046875 0.0390625