0 0.485544618915863 0.5205981420671333 0.25808797320804827 0.9137556066995438
3 0.23996511201600415 0.443506741366953 0.07655459172016936 0.08993520401018137
3 0.36693889489044534 0.6004845420512249 0.06709777110331831 0.08513861600890867
1 0.5 0.5 1 1
4 0.5180316107981882 0.40532767807126946 0.10190914772652385 0.11053860534690844
4 0.49403895738962145 0.48162654873486055 0.09390573295387146 0.09951019867918127
2 0.4609752670494238 0.5851691720639517 0.10678756249917605 0.1215306493475449
2 0.149417573052483 0.07987949868713543 0.0985114123370204 0.09487724267981759
2 0.13729367410814322 0.14772097935231732 0.1047068652591197 0.09182496801399935
2 0.11675330316698065 0.20530621268299926 0.09708528003177212 0.10267156134627217
2 0.1044248526805133 0.2848664433481812 0.10185460064862313 0.10741360534690844
2 0.28248820820369563 0.8276732033736345 0.10317163879807012 0.09336928668045416
2 0.2695966960288311 0.8947243433720438 0.09533186525911974 0.09171588001272682
2 0.25642849432454773 0.9328601427036801 0.0725295649348082 0.03833634134309065
2 0.4786950064994123 0.8682453014003606 0.08913641233702041 0.09476815467854464
2 0.4618972443245477 0.935250988064906 0.0890000446422686 0.086955654678545
2 0.449401198464463 0.9796458780633153 0.07088524431795715 0.033630660009544754
2 0.9041442090111793 0.22071960478990343 0.09708528003177222 0.10267156134627209
2 0.890335079141563 0.29557415412153987 0.10163641233702023 0.09491360534690844
2 0.8781702698887976 0.36575938478672176 0.09716710064862326 0.10735906134627218
2 0.9646180588490235 0.24799117679817578 0.0644909683433749 0.11478975334181776
4 0.7005788782480585 0.19881569076222289 0.10517051542127547 0.11838746801399935
4 0.620628325488115 0.16819185208463247 0.08897277110331832 0.08539315467854491
4 0.6031720442385269 0.2281571980824053 0.0829136858759707 0.0962579293443631
4 0.5979839379078609 0.30154924474854167 0.0924523271096728 0.10574201734563582
4 0.35036641842610033 0.11738114071449779 0.09075345941492108 0.09791133601209037
4 0.3342680856343847 0.18908341804581608 0.09078073295387146 0.09947383601209037
4 0.3913754277615912 0.27492146805377027 0.09080800649282175 0.10103633601209036
4 0.42510731980607214 0.13309759472467914 0.08913641233702041 0.09476815467854491
4 0.40680160470910814 0.19696010005567927 0.09242505357072232 0.10417951734563577
4 0.021783902194045957 0.778452264003818 0.043567804388091914 0.10377952800763594
4 0.019621384337138476 0.8417153326702724 0.03924276867427695 0.09280566534054487
4 0.005753753249706167 0.8814045413351362 0.011507506499412333 0.03780908267027243