0 0.537730251384276 0.530309906439126 0.22420078654485281 0.918881695302004
3 0.7858883466961991 0.4845046276053777 0.07415699568106326 0.08637542069139811
3 0.6521315152639365 0.6240946618494023 0.06458173658176455 0.08297763605166182
1 0.5 0.5 1 1
4 0.5090266556109275 0.4109461409997198 0.09879605027685515 0.10580738229073816
4 0.5297081978682183 0.49030703206594667 0.09184514342931002 0.0946880258642473
2 0.5591732572443722 0.5972162616119755 0.10418445712440043 0.11688127461060631
2 0.8914341332502772 0.13588893434843752 0.09623225478036232 0.09013691818411548
2 0.9013085834348473 0.20479805872161688 0.10228199568106362 0.08719377461060622
2 0.9191760063215215 0.264582235681221 0.09517040252860873 0.09790395407749282
2 0.9290201781284615 0.34518737800108906 0.09859579117755643 0.10268238229073816
2 0.7280884477113349 0.8602427620076869 0.10081962523071261 0.08871081050398359
2 0.7379128331210802 0.9283706363808661 0.09290699568106327 0.08692098997087001
2 0.7497910718623133 0.9677059210206025 0.07241522054263569 0.034858384798020836
2 0.5294401966316006 0.8755171063599837 0.08685725478036196 0.0898641335443795
2 0.543952082041346 0.9437813730530312 0.08791910703211539 0.08209709765100186
2 0.5546683389811764 0.9871292416202226 0.07055233189368781 0.025741516759554627
2 0.1300145743355486 0.17923652210332378 0.0951704025286086 0.09790395407749282
2 0.1403396074935407 0.25517689647650316 0.09935725478036198 0.09022784639736088
2 0.15031418722776016 0.32564852084968254 0.09390829117755657 0.1025459899708702
2 0.053922443706165134 0.19651729882550104 0.08982156847545249 0.11178459765100209
4 0.3353831947858993 0.18365255212420634 0.10242169802510181 0.1137108105039836
4 0.4167438163159842 0.16340589977520842 0.08781897748246603 0.08053459765100209
4 0.4316364335271324 0.2254428985215672 0.08080751387966068 0.09280727711788872
4 0.43394870758582577 0.2980309523616332 0.08922079117755662 0.10240959765100213
4 0.6886293082964197 0.14714336843417763 0.08862001387966068 0.09303459765100212
4 0.7018790823551131 0.2200496710206024 0.08882027297895938 0.09615959765100204
4 0.6414107541620531 0.29860892854244975 0.08892040252860874 0.09772209765100212
4 0.6133987708194909 0.1535321092629776 0.08685725478036196 0.08986413354437942
4 0.6293229619047624 0.2194980900626477 0.09058303207825791 0.09933006175762475
4 0.9848882487633823 0.8482501935196375 0.030223502473235443 0.09919366943775679
4 0.9862848164682549 0.9107274614663261 0.027430367063490023 0.08830163354437914
4 0.9986689489479523 0.9532104781593735 0.002662102104095254 0.03302310015828454
4 0.18081982880214356 0.9941962808788123 0.06652616594684391 0.011607438242375423