1 0.5045663864894796 0.5199036038527013 0.9908672270210408 0.8521253512789118
3 0.5531423912698417 0.1502192411580044 0.06257914558877822 0.051727636051661904
3 0.5524378917312669 0.3217532603583343 0.05602875693983016 0.046858279625171126
3 0.5774273997508315 0.3466539719576745 0.05114099784053163 0.04359688730530316
3 0.567896217607975 0.6481566359851548 0.07578005243632369 0.06302884890464319
3 0.5203296051771888 0.6725057666265404 0.06902940468807692 0.05503449247815269
2 0.1459270758767081 0.3301996285298145 0.07754281153562217 0.066199313011266
2 0.20766561227390268 0.34447272868809903 0.07598031153562221 0.06615384890464338
2 0.26910376002214925 0.3540583288463836 0.07734255243632351 0.06307431301126601
2 0.6989438494739761 0.24725702870073435 0.08379281153562204 0.06638116943775678
2 0.7668823210963461 0.2609307352855096 0.07431768198597269 0.06454588479802066
2 0.8262270427187162 0.27435438928386013 0.07754281153562204 0.066199313011266
2 0.8910905791159106 0.2887184176553901 0.08369268198597268 0.06481866943775678
2 0.9564850416389821 0.29919892808023135 0.07734255243632333 0.06307431301126601
2 0.8168901318567758 0.883101251978557 0.08076794108527138 0.06785274122451135
2 0.8822345296050227 0.8928005124033984 0.08066781153562204 0.06629024122451135
2 0.3737376025562952 0.538794693190433 0.08066781153562222 0.06629024122451135
2 0.30653031615910065 0.5243624686589692 0.07754281153562222 0.06619931301126591
2 0.24733578886120472 0.5132825646606187 0.07411742288667415 0.06142088479802066
2 0.18355389111295808 0.5036287683424001 0.07930557063492083 0.06936977711788864
2 0.12035298426541285 0.49087270407749284 0.07451794108527147 0.06767088479802066
0 0.5283855297619061 0.5183411038527013 0.8610538232558145 0.22156200989611569
4 0.16627344694536764 0.1366231247688908 0.08379281153562221 0.06638116943775674
4 0.22624922424326357 0.14772576082055267 0.0804675524363235 0.06316524122451135
4 0.28970045496493213 0.1643880750854599 0.07754281153562222 0.066199313011266
4 0.35348235271317874 0.1740418714036785 0.08369268198597286 0.06481866943775674
4 0.4190270095607239 0.18686613182851977 0.07754281153562222 0.066199313011266
4 0.8045184307493551 0.47101042893816114 0.07754281153562204 0.06619931301126591
4 0.8685005875969004 0.48378922525637974 0.07734255243632333 0.06307431301126591
4 0.9300889296696209 0.4957185754146643 0.07734255243632333 0.06307431301126591
4 0.6634602390457748 0.5940123567556952 0.0757800524363235 0.06302884890464337
4 0.09320470311000559 0.7364974411453691 0.08066781153562216 0.06629024122451135
4 0.15806823950720017 0.750861469516899 0.08066781153562212 0.06629024122451135
4 0.7292051549926187 0.6099616171805364 0.07754281153562222 0.06619931301126591
4 0.7899621822905146 0.6210869852855095 0.08046755243632368 0.06316524122451135
4 0.8538442095884106 0.6323032816037282 0.07557979333702498 0.059903848904643196
4 0.9162138016611312 0.6442553638153241 0.07734255243632333 0.06307431301126591