1 0.50078125 0.49453125 0.7828125 0.90234375
2 0.65546875 0.21171875 0.06640625 0.0765625
0 0.49765625 0.4890625 0.08203125 0.86171875
2 0.66328125 0.15 0.06015625 0.06328125
2 0.66328125 0.08984375 0.06484375 0.06640625
2 0.71640625 0.0875 0.06015625 0.06796875
2 0.76953125 0.08984375 0.0640625 0.075
4 0.82734375 0.09296875 0.05859375 0.07109375
4 0.771875 0.6828125 0.06484375 0.07265625
4 0.7734375 0.75390625 0.06640625 0.0765625
4 0.83515625 0.83203125 0.0625 0.07109375
4 0.7796875 0.83203125 0.0609375 0.07109375
4 0.778125 0.8984375 0.0640625 0.0734375
4 0.834375 0.9 0.0640625 0.0734375