0 0.4912152108076224 0.5065337869283357 0.874424625042409 0.17766408765638902
4 0.8257341207812399 0.06053508887420502 0.09039187622353566 0.08433981818121902
4 0.7557663611625929 0.0718214163909149 0.08252481252120454 0.08264095048646733
4 0.6915947337579312 0.07382820129395094 0.08575893992586625 0.085820497564368
4 0.6272321333951115 0.08130373619698701 0.0905010036281972 0.08746481818121903
4 0.5582093148834572 0.08791620048317206 0.10154763103285873 0.09078073295387142
1 0.49765625 0.5001500044642269 0.9953125 0.9996999910715463
4 0.8786109955691949 0.8744533128996228 0.08872024881887342 0.08118754464226896
4 0.8085068266947207 0.8896458904163325 0.08888393992586643 0.08587504464226896
3 0.4714433694304773 0.6250110515388323 0.07529266587924895 0.05440685633066593
3 0.3934423658022803 0.7096394216692159 0.0738938569862416 0.059067082791715644
4 0.18910212850097005 0.40510806006354416 0.09017362141421197 0.07808981818121907
4 0.12697415073348864 0.41574950527500576 0.07131449400955021 0.07463753571381507
4 0.07379458703115778 0.41638470495069424 0.04313493030721938 0.07258411201270878
4 0.3367881164352525 0.5859195036501527 0.09011905771188111 0.07652731818121908
4 0.2653397023701019 0.5948348076279122 0.08559524881887359 0.08113299756436802
4 0.20105894756077847 0.5999665925309483 0.07761905771188111 0.0763091298696164
4 0.1359150971979588 0.6074284906645092 0.07761905771188107 0.0763091298696164
4 0.08588781534679338 0.6073369874180983 0.04771330290255764 0.06954093262956
2 0.8407316050873253 0.3250203287279353 0.09039187622353531 0.08433981818121908
2 0.7762598773198437 0.3356208636309713 0.07465774881887359 0.08094208279171564
2 0.7042211862128511 0.3390537808392557 0.0920635036281972 0.08749209172016936
2 0.3131770678786821 0.120380278406919 0.08252481252120454 0.08264095048646736
2 0.24329115381353156 0.12932285592362888 0.08603175843752045 0.09363299756436802
2 0.1774478990042081 0.1344273672877146 0.08247024881887369 0.08107845048646736
2 0.11419393085537355 0.13254153896022586 0.09529763103285878 0.09067163879807003
2 0.05513638938556127 0.1448000312495881 0.05779763103285877 0.09001707386326188
2 0.16435503341080993 0.934686465907743 0.0858135036281971 0.08738299756436803
2 0.11017596489915564 0.941558028813956 0.05116568511654278 0.07897047970746059
2 0.5884696675237115 0.5645156566516822 0.08699405771188111 0.07647277110331849
2 0.659000422333035 0.5594929659044475 0.09189981252120454 0.08280459172016937
2 0.7279959589935239 0.5536617516182625 0.07627481252120454 0.08253185633066593
2 0.7954562775051781 0.5470220137931271 0.08559524881887359 0.08113299756436802
2 0.86587790490984 0.5451243230458924 0.07756449400955034 0.0747466298696164