1 0.49140625 0.48515625 0.9703125 0.9703125
3 0.35625 0.46171875 0.0265625 0.0734375
3 0.32265625 0.50078125 0.03359375 0.0796875
0 0.4875 0.48359375 0.05546875 0.95078125
2 0.04765625 0.38359375 0.0734375 0.1140625
2 0.0484375 0.28125 0.07109375 0.08125
2 0.05 0.1953125 0.07265625 0.09375
2 0.05078125 0.10546875 0.0734375 0.0859375
2 0.33984375 0.83515625 0.0734375 0.096875
2 0.34140625 0.9265625 0.075 0.0828125
2 0.9171875 0.11953125 0.07890625 0.1171875
2 0.9171875 0.03046875 0.0796875 0.0609375
2 0.55078125 0.65546875 0.0703125 0.090625
2 0.55078125 0.7453125 0.0703125 0.0859375
2 0.5515625 0.8328125 0.06953125 0.0890625
2 0.5515625 0.92265625 0.06953125 0.090625
4 0.91953125 0.91640625 0.075 0.096875
4 0.55 0.38203125 0.0703125 0.1109375
4 0.55 0.28203125 0.06953125 0.0859375
4 0.54921875 0.1921875 0.06484375 0.0875
4 0.5484375 0.1015625 0.065625 0.090625
4 0.55 0.028125 0.0734375 0.053125
4 0.3421875 0.20859375 0.08125 0.1109375
4 0.33828125 0.10703125 0.07578125 0.0890625
4 0.334375 0.0328125 0.07578125 0.0625
4 0.0484375 0.65390625 0.07265625 0.096875
4 0.0484375 0.74921875 0.07421875 0.071875
4 0.04921875 0.83828125 0.0734375 0.084375
4 0.05234375 0.92421875 0.07734375 0.0875