1 0.49984999553577314 0.50859375 0.9996999910715463 0.9828125
2 0.17716114894763507 0.4272523520792368 0.0904807240254177 0.08799875269929239
0 0.4810343969190402 0.541805639846108 0.8641478693163094 0.3385570435896632
2 0.11455205479183372 0.4287663852727158 0.07625458279171564 0.0775581601678251
2 0.055726479710755825 0.4376076663916025 0.079488676947517 0.08404495850815116
2 0.042550369726641876 0.38576082386013527 0.08096935633066597 0.0794758576783142
2 0.03888344764709355 0.33204382800932014 0.0777668952941871 0.08596265601864025
4 0.03309709780924933 0.275320231328668 0.06619419561849867 0.07876546265733601
4 0.6138055811701578 0.24051767221439446 0.08576595048646726 0.0860810551888033
4 0.6828555900986115 0.22853973570156755 0.09048072402541756 0.08799875269929239
4 0.7467192670461286 0.1551507025080885 0.0857114034085665 0.0829560551888033
4 0.7582646931828666 0.21078539586939268 0.0856841298696164 0.08139355518880328
4 0.8233539050334198 0.20163646143115815 0.08732845048646745 0.08619945435896632
4 0.8133709788966815 0.14612016724001703 0.08732845048646709 0.08619945435896632