1 0.50390625 0.4984375 0.84375 0.990625
3 0.96328125 0.39921875 0.05390625 0.07421875
3 0.31328125 0.41015625 0.04296875 0.0546875
3 0.709375 0.38046875 0.04140625 0.06171875
3 0.7375 0.175 0.04140625 0.06328125
3 0.40546875 0.39453125 0.04375 0.053125
2 0.14140625 0.05390625 0.059375 0.07734375
2 0.14140625 0.12890625 0.05703125 0.07578125
2 0.13671875 0.19921875 0.05625 0.07578125
2 0.13828125 0.27578125 0.05859375 0.071875
2 0.13984375 0.34921875 0.05703125 0.07265625
2 0.384375 0.8015625 0.05234375 0.07265625
2 0.38671875 0.87421875 0.05859375 0.07265625
2 0.390625 0.94921875 0.05625 0.071875
2 0.56484375 0.65859375 0.05859375 0.07421875
2 0.56328125 0.72890625 0.05546875 0.07734375
2 0.56484375 0.80390625 0.05078125 0.07265625
2 0.559375 0.87421875 0.05625 0.0703125
2 0.5625 0.94453125 0.05625 0.07578125
2 0.86796875 0.11875 0.06328125 0.07421875
2 0.86484375 0.046875 0.06171875 0.06875
4 0.14375 0.65078125 0.06875 0.0859375
4 0.38359375 0.05234375 0.05390625 0.071875
4 0.38515625 0.12265625 0.05859375 0.07421875
4 0.38671875 0.20390625 0.059375 0.07890625
4 0.559375 0.3453125 0.0625 0.07578125
4 0.55859375 0.265625 0.065625 0.07734375
4 0.559375 0.19375 0.06484375 0.07265625
4 0.56015625 0.11796875 0.06015625 0.07890625
4 0.56328125 0.0453125 0.06875 0.07421875
4 0.86484375 0.87890625 0.06484375 0.084375
4 0.865625 0.95078125 0.0625 0.07421875
4 0.14609375 0.725 0.06484375 0.07734375
4 0.14296875 0.8015625 0.06328125 0.084375
4 0.13828125 0.87265625 0.06171875 0.07421875
4 0.1421875 0.95 0.065625 0.08125
0 0.50078125 0.49609375 0.04140625 0.9546875