0 0.5213209350378931 0.46582926139864744 0.9573581299242138 0.26571338467123784
3 0.4744864838364805 0.4705060286200869 0.10806536116879606 0.0997650468904336
3 0.36404726984023056 0.45764102094641707 0.0837297425071295 0.06998245850815117
3 0.5536367416121749 0.4763048201119357 0.08087814458064813 0.0728706601678251
3 0.619730633318101 0.4587136557949257 0.07775314458064812 0.07263386182749905
3 0.6933437905754157 0.46414559438234504 0.08400314458064813 0.07310745850815117
1 0.500546804147037 0.4953125 0.998906391705926 0.990625
4 0.08625304345013775 0.5903639682564135 0.07572175287472208 0.08489706348717299
4 0.14916314656041552 0.5903155014498924 0.08326085080120356 0.08236405933798814
4 0.22960250226259143 0.5928708937715783 0.09121005183796278 0.08451855518880329
4 0.08277885452439741 0.37986417613986473 0.08964755183796283 0.08440015601864026
4 0.1542827076346752 0.3791645138974472 0.08665925287472209 0.0857258576783142
4 0.22174360970819368 0.37719834958043713 0.08937414976444433 0.08127515601864026
4 0.29029812007578626 0.3877321852634271 0.08611244872768502 0.0794758576783142
4 0.3622804268147214 0.39250127302100946 0.09121005183796278 0.08451855518880329
4 0.9333961347787033 0.13374308628446796 0.09005765494824054 0.08908765601864026
4 0.9802042013195832 0.12154981698843607 0.03959159736083358 0.08527557178554282
4 0.6937202482100908 0.85497242654085 0.08665925287472209 0.0857258576783142
4 0.7618646554674056 0.86081876222384 0.08964755183796277 0.08440015601864026
4 0.8320794106512018 0.8633624991515856 0.09617095391148141 0.08799875269929239
4 0.9016106606512018 0.8580937360793308 0.08638585080120365 0.0826008576783142
4 0.9620603238458557 0.8716933721772394 0.07587935230828861 0.08319285352912935
2 0.09469769637212806 0.8217207120326361 0.05242095391148131 0.08468357593472789
2 0.14331085362944285 0.8290470373426639 0.08624914976444428 0.0810383576783142
2 0.2096877093316188 0.8326680221958169 0.08923744872768502 0.07971265601864026
2 0.276777464515415 0.8354485574638885 0.08298744872768501 0.07923905933798814
2 0.3488281217727298 0.8409988952214708 0.08638585080120356 0.0826008576783142
2 0.8407149509902766 0.620487914918488 0.09562414976444415 0.08174875269929238
2 0.9126289072108321 0.6244757526760705 0.08624914976444416 0.0810383576783142
2 0.9668028942745828 0.629718437114305 0.06639421145083446 0.08283765601864027
2 0.7089401048072214 0.4087001551702258 0.08638585080120365 0.0826008576783142
2 0.7764010068807398 0.40673399085321565 0.08964755183796277 0.08440015601864026
2 0.8471919605093973 0.40687477819587964 0.08937414976444416 0.08127515601864026
2 0.9188031203586101 0.41639056553854353 0.08611244872768502 0.0794758576783142
2 0.9717747753300922 0.41893430246628893 0.05645044933981573 0.08139355518880328
2 0.16488199769092576 0.059857484228453064 0.09562414976444429 0.08174875269929235
2 0.09629809302550914 0.05797659813054461 0.09277255183796282 0.08463695435896632