1 0.51015625 0.54375 0.940625 0.9109375
3 0.7359375 0.37421875 0.03203125 0.05625
3 0.74296875 0.409375 0.03203125 0.053125
4 0.0875 0.16796875 0.06640625 0.07578125
4 0.08984375 0.23828125 0.06171875 0.08515625
4 0.88671875 0.1703125 0.065625 0.07578125
4 0.8921875 0.234375 0.06328125 0.07421875
4 0.89375 0.29453125 0.06640625 0.07421875
4 0.8984375 0.3515625 0.06796875 0.07109375
4 0.8984375 0.415625 0.06953125 0.08828125
4 0.42578125 0.77265625 0.065625 0.07265625
4 0.42578125 0.8375 0.06640625 0.07109375
4 0.42578125 0.8953125 0.06484375 0.06875
4 0.4265625 0.9515625 0.06328125 0.06953125
4 0.4265625 0.99296875 0.06328125 0.0125
4 0.6546875 0.8921875 0.06328125 0.065625
4 0.65234375 0.95390625 0.06171875 0.06015625
4 0.65078125 0.98984375 0.0625 0.01953125
2 0.39921875 0.17109375 0.059375 0.0765625
2 0.4046875 0.2296875 0.05703125 0.06875
2 0.4046875 0.2890625 0.065625 0.0671875
2 0.40703125 0.3484375 0.06328125 0.065625
2 0.41015625 0.41796875 0.06484375 0.078125
2 0.64375 0.16875 0.05859375 0.06953125
2 0.64609375 0.2265625 0.0625 0.078125
2 0.64453125 0.29453125 0.0625 0.09375
2 0.89375 0.77265625 0.07109375 0.078125
2 0.89296875 0.83203125 0.06875 0.07109375
2 0.89453125 0.88515625 0.06640625 0.06875
2 0.896875 0.94609375 0.06875 0.0640625
2 0.89921875 0.9875 0.071875 0.0234375
2 0.11015625 0.95 0.06796875 0.07421875
2 0.1125 0.9890625 0.07890625 0.021875
0 0.50078125 0.54140625 0.078125 0.87890625