0 0.47253182152668016 0.463364833384583 0.15539429935059806 0.6908977876309684
1 0.4694068215266801 0.4635833546719065 0.8315311360975965 0.8377706037618526
3 0.46785202680246946 0.47691923499373734 0.0447356473268119 0.04670003737886681
3 0.6518707110315713 0.4835030987198218 0.03968412628012441 0.04012225544788173
3 0.6267118163355955 0.528056128052917 0.039866136803468066 0.04324725544788173
3 0.25198410309671126 0.46945021446271856 0.03803062101845249 0.038450494804219915
3 0.2703931978773917 0.5140689457732852 0.03463260523343701 0.03354447351689647
4 0.8332088001976441 0.14870249177900136 0.07587923151356116 0.07377598960843983
4 0.8237281134082934 0.2046082843536483 0.07882222099021767 0.07086951089576328
4 0.8159009318806147 0.2588423162846335 0.06926521046687384 0.06708894703379294
4 0.8056844977220999 0.31402148918111134 0.07551521046687384 0.06752598960843983
4 0.7962493135635852 0.3691460317557583 0.07449874203690517 0.07679172896477811
4 0.5378705822617854 0.6774330512014963 0.06944722099021768 0.07021394703379294
4 0.5275631428415988 0.7341747240979741 0.06752069994353035 0.06385468639013112
4 0.5150029586830841 0.7895177879599447 0.07413472099021767 0.07054172896477802
4 0.40608850319553336 0.5621572484873907 0.07110072625188942 0.07188570767745475
4 0.3982158190370185 0.6171725304183759 0.06752069994353035 0.06385468639013112
4 0.3863913822476679 0.6732422139585155 0.07569722099021767 0.07065098960843982
4 0.37865520598166097 0.7259137458895006 0.06926521046687402 0.06708894703379294
4 0.3698192612998025 0.7841086581423168 0.06926521046687402 0.06708894703379294
4 0.20192027381869768 0.12671069342749663 0.0629242052052021 0.06508940445914595
4 0.19239408439851108 0.18339773600214357 0.06962923151356137 0.07333894703379285
2 0.7656686295462448 0.573582159479699 0.06632222099021767 0.0699954257464693
2 0.7545344374952224 0.6311597126980077 0.07293624203690499 0.0766824683211162
2 0.7475795112292154 0.6837766143071621 0.07551521046687401 0.06752598960843983
2 0.7355730639165211 0.7429712978473016 0.07100972099021767 0.07032320767745474
2 0.72866364028135 0.7948069494564559 0.07100972099021767 0.07032320767745456
2 0.621247126491886 0.14096031963882819 0.06310621572854594 0.06821440445914595
2 0.6148914397025352 0.19664759092615167 0.06733868942018653 0.06072968639013112
2 0.6054107529131846 0.2525533835007986 0.06614021046687402 0.0668704257464694
2 0.43979418721287367 0.35750259947612645 0.06439569994353037 0.06363616510280767
2 0.4492748740022243 0.3015968069014795 0.061179694681858444 0.06185514381548422
2 0.455585058160739 0.24669078561415603 0.06310621572854576 0.06821440445914595
2 0.46520225284259736 0.1884412430395091 0.06099768415851479 0.05873014381548423
2 0.47307493700111214 0.13342596110852387 0.06632222099021767 0.0699954257464694
2 0.10607455069175424 0.7169639888521352 0.06926521046687392 0.06708894703379294
2 0.09650285864073176 0.7744322814267821 0.07082771046687397 0.06719820767745457