3 0.46504811357552195 0.6697626139347921 0.04046317391627667 0.036194365177646404
3 0.5572701056668565 0.7116290903611435 0.03571200692008229 0.03441354135632899
1 0.5 0.5 1 1
4 0.02021441053322271 0.8915903405705405 0.04042882106644542 0.08630568114108109
4 0.06983247817680807 0.8986986732831983 0.09087435079830275 0.08688787799792799
4 0.4059515696579328 0.0838743097581817 0.09093801779449713 0.08845037799792803
4 0.3311744041446131 0.07491237861710057 0.0941266847906915 0.09015842721213971
4 0.25649273912558507 0.0636066974760194 0.08637785178688588 0.09135705417661044
4 0.18418665760465425 0.051628928245597026 0.0941266847906915 0.09015842721213974
4 0.10387707509514021 0.04397478597964537 0.08599584980971957 0.08198205417661045
4 0.6459426279099779 0.6100901691448599 0.09425401878308026 0.09328342721213971
4 0.7207516269213948 0.6182708502859411 0.08787668479069151 0.08986732878371625
4 0.7939026254385201 0.6287225068199163 0.09275518577927463 0.09477315260503402
4 0.8662723739556452 0.6391377760503387 0.08774935079830257 0.08674232878371627
4 0.9361073714841872 0.6541313833701023 0.07225168479069169 0.08913958271265762
4 0.8191758339552078 0.4310855274980808 0.08794035178688589 0.09142982878371626
4 0.8938574989742358 0.44239120863916187 0.08169035178688588 0.09113873035529281
4 0.9546994984799444 0.44757316831629035 0.061314184790691686 0.08863016046291676
2 0.8163453808385466 0.9791140351510759 0.08605951680591417 0.041771929697848265
2 0.8880293798499632 0.9856572876322751 0.07005251482874755 0.02868542473544977
2 0.22055926182581706 0.3499786910658786 0.09100168479069151 0.09001287799792798
2 0.1467225138029834 0.33714689722835034 0.08618685079830275 0.0866695541766104
2 0.07503851479156656 0.3291117653014809 0.08768568380210835 0.08517982878371626
2 0.04677224058986932 0.5289469454091048 0.09354448117973864 0.08703342721213972
2 0.1221032212939069 0.5379452638537389 0.08618685079830275 0.0866695541766104
2 0.19137980330912932 0.5474337338699495 0.08468801779449713 0.08815927956950453
2 0.26531205182625456 0.5579217777074778 0.08625051779449713 0.0882320541766104
2 0.338494883841477 0.5675921842414531 0.09425401878308026 0.09328342721213971
2 0.7080260642207252 0.12377383353671804 0.09100168479069151 0.09001287799792798
2 0.7835526462359478 0.13355340198135213 0.09100168479069151 0.09001287799792804
2 0.8591110617492674 0.1425517204259862 0.08794035178688589 0.0914298287837163
2 0.934669477262587 0.1515500388706203 0.09106535178688588 0.09157537799792799
2 0.980476725779712 0.16072813978024308 0.033061850798302574 0.08419521753501132
0 0.4890333947158919 0.5229432719165095 0.9727901956651065 0.18254748179852562