1 0.475 0.509375 0.70390625 0.934375
3 0.39140625 0.54453125 0.06015625 0.08046875
3 0.54453125 0.49453125 0.05859375 0.075
2 0.16015625 0.1359375 0.059375 0.071875
2 0.1625 0.0671875 0.05859375 0.065625
2 0.7984375 0.34453125 0.05546875 0.071875
2 0.79921875 0.27578125 0.05703125 0.07109375
2 0.80078125 0.20546875 0.05703125 0.075
2 0.79921875 0.140625 0.05546875 0.071875
2 0.796875 0.0703125 0.05859375 0.0765625
2 0.58359375 0.93203125 0.05390625 0.075
2 0.584375 0.86328125 0.05859375 0.07109375
2 0.58828125 0.79296875 0.06171875 0.078125
2 0.428125 0.65703125 0.06640625 0.08359375
2 0.42109375 0.721875 0.05703125 0.075
2 0.421875 0.790625 0.05859375 0.07890625
2 0.42265625 0.85859375 0.05390625 0.075
2 0.42109375 0.92890625 0.05703125 0.071875
4 0.15546875 0.8578125 0.05859375 0.0734375
4 0.15703125 0.92578125 0.05546875 0.0734375
4 0.80078125 0.928125 0.05703125 0.0734375
4 0.8 0.86015625 0.05625 0.0765625
4 0.80078125 0.7921875 0.06171875 0.07890625
4 0.80234375 0.72109375 0.06015625 0.071875
4 0.80234375 0.65078125 0.05859375 0.0765625
4 0.58359375 0.20390625 0.05703125 0.078125
4 0.58359375 0.13359375 0.05625 0.075
4 0.58203125 0.0640625 0.053125 0.071875
4 0.43046875 0.07265625 0.06171875 0.07109375
4 0.43046875 0.140625 0.05859375 0.06953125
4 0.4328125 0.2078125 0.05546875 0.07109375
4 0.43125 0.27578125 0.05390625 0.07109375