3 0.45234375 0.425 0.06953125 0.07109375
3 0.515625 0.46953125 0.06796875 0.0609375
1 0.49609375 0.50078125 0.9828125 0.9984375
4 0.0703125 0.69765625 0.075 0.06796875
4 0.06875 0.76171875 0.075 0.0640625
4 0.06796875 0.825 0.07109375 0.065625
4 0.06171875 0.8921875 0.07265625 0.06796875
4 0.06640625 0.96015625 0.075 0.07109375
4 0.1421875 0.78203125 0.07109375 0.06640625
4 0.140625 0.8453125 0.07109375 0.06796875
4 0.13828125 0.90625 0.06953125 0.06796875
4 0.13828125 0.96796875 0.0703125 0.0640625
4 0.215625 0.83828125 0.07421875 0.07421875
4 0.20703125 0.90546875 0.06796875 0.06640625
4 0.20703125 0.9671875 0.06953125 0.065625
4 0.28203125 0.89609375 0.07265625 0.06796875
4 0.27734375 0.96171875 0.07109375 0.06796875
4 0.3421875 0.96484375 0.071875 0.0703125
2 0.93203125 0.296875 0.07421875 0.06796875
2 0.93515625 0.22734375 0.07265625 0.06796875
2 0.65234375 0.03046875 0.07109375 0.0609375
2 0.72265625 0.0953125 0.07109375 0.06796875
2 0.72265625 0.03125 0.0671875 0.0625
2 0.7921875 0.15703125 0.06953125 0.06640625
2 0.7953125 0.090625 0.07109375 0.065625
2 0.78984375 0.0328125 0.06796875 0.065625
2 0.86796875 0.0359375 0.06796875 0.06640625
2 0.8671875 0.1015625 0.075 0.06953125
2 0.85703125 0.16640625 0.07265625 0.07109375
2 0.86171875 0.2296875 0.07265625 0.07265625
2 0.9296875 0.15703125 0.07265625 0.06953125
2 0.9390625 0.0875 0.07109375 0.06953125
2 0.93828125 0.028125 0.06953125 0.05390625