1 0.5 0.5 1 1
0 0.501989872243924 0.4482318821027559 0.30455901310520905 0.8904008278894855
3 0.3000481253780561 0.5829091263528801 0.07078658510611113 0.09311201333591956
3 0.3710866707809033 0.5411045215016914 0.08190592306201391 0.10181733363936125
2 0.03730520393156272 0.2576053348473093 0.06450021751493064 0.0910393303053814
2 0.04642693721406277 0.3132176060591366 0.08027068787965286 0.0985647878817268
2 0.054186192248055876 0.3775511730285985 0.09287979065319454 0.10427265394280302
2 0.28828516926229186 0.17841294498933186 0.0911354526972918 0.09633260818516853
2 0.3054739756830558 0.24432498741298647 0.10080139342673622 0.10959788273097573
2 0.6913900258355556 0.046023085366694354 0.0942604526972918 0.09204617073338871
2 0.7068163105048265 0.1011981590644591 0.08964568787965277 0.09933006242753395
2 0.7229874775829168 0.157017724366931 0.09593205547083343 0.10140274545807211
2 0.7378507177992711 0.22390233542703747 0.09934799620027804 0.11415783697334118
2 0.7756501502636811 0.6708890346684331 0.09102634992374999 0.09164510818516866
2 0.7925661997505908 0.7250823270920878 0.08953658510611114 0.09464256242753404
2 0.8006884774860076 0.7713833711827324 0.08245013050895836 0.058194879396995705
4 0.962197407578785 0.6126945420852989 0.07560518484242991 0.09802265394280311
4 0.9714639580156252 0.6690242904183089 0.05707208396874961 0.0950571506088231
4 0.9823475598392364 0.7135077429936845 0.03530488032152732 0.059024055759574166
4 0.8514755002843405 0.12852644936208185 0.10080139342673604 0.10959788273097573
4 0.8381929438635766 0.062295542544340866 0.09564111474138884 0.08890274545807211
4 0.822730291603125 0.025854299985452505 0.09738545269729179 0.05170859997090501
4 0.5167862561713549 0.8149091990722177 0.09887521751493064 0.09384533697334092
4 0.5295051149288202 0.8569213558899588 0.08735583605604162 0.0679525166698994
4 0.16738501500507014 0.8019456530247192 0.10051045269729175 0.09709788273097572
4 0.17505335106111186 0.862372969994181 0.0956774823325695 0.09046524545807202
4 0.1935682681392022 0.9180012166602012 0.08950021751493065 0.09308006242753422
4 0.21021156069225774 0.9604757590838557 0.08862739532659729 0.05558006242753386