0 0.4964711792648213 0.4754293083725005 0.8611578653723619 0.33746188865784515
1 0.5 0.5 1 1
3 0.5058189072645032 0.4772270268024695 0.07745338534372674 0.08102175782192056
3 0.5621870859325485 0.46379458738228285 0.0632454346753633 0.06770271046687401
2 0.24655934922027792 0.8178876370858168 0.08228633601209037 0.09379477360693614
2 0.1920627532225051 0.8046665712443314 0.07451019867918122 0.09646474729857672
2 0.13518604455764138 0.794707013295354 0.07914315467854491 0.09205026308359229
2 0.07751899522600494 0.7855742079772124 0.07914315467854491 0.09205026308359229
2 0.03326374928391136 0.7704721237198756 0.06652749856782272 0.09343075256024883
4 0.09130187392586706 0.5404059211455094 0.08221361067790858 0.08754477360693613
4 0.14892346992363986 0.553444976463651 0.077544292011454 0.08883425782192056
4 0.20583654125559453 0.5602795344126286 0.0806329293443632 0.0858912683452644
4 0.5261917578771875 0.8734271926157199 0.08373974801081766 0.08451077886860787
4 0.587728694541733 0.8854574847796819 0.08221361067790856 0.08754477360693613
4 0.651627562539824 0.8957887690511359 0.0775442920114541 0.08883425782192056
4 0.701400295870506 0.9124078506776367 0.07917951734563573 0.09517526308359266
4 0.7630281392027787 0.9166256428415988 0.08370338534372675 0.08138577886860787
4 0.9006977919716832 0.15599270875367124 0.08381247334499946 0.090760778868608
4 0.9576017726368651 0.16360851670264873 0.08072383601209054 0.09370376834526431
4 0.376731938613957 0.36607596615206883 0.0806329293443632 0.08589126834526431
4 0.31754784261618413 0.3531279160955991 0.07127611067790855 0.08690773677523325
4 0.26536772461809316 0.34211409236160606 0.07899770401018139 0.07955026308359248
4 0.20932680995386574 0.3274215317817926 0.07903406667727228 0.08267526308359248
4 0.1524682826225475 0.3158994738328151 0.07127611067790855 0.08690773677523325
2 0.7006212352403225 0.6438853638318165 0.08214088534372674 0.08129477360693613
2 0.7621399905713225 0.6574781559957784 0.08226815467854501 0.09223227360693613
2 0.8253848779042317 0.6569174428980685 0.08223179201145392 0.08910727360693613
2 0.6508865066040939 0.42271529009782344 0.07745338534372692 0.08102175782192056
2 0.706963783935412 0.43428285067763683 0.07903406667727228 0.08267526308359248
2 0.7591257205999576 0.4468591744116299 0.07590906667727229 0.08249325256024882
2 0.8136859512651394 0.45461149025311515 0.0775079293443632 0.08570925782192056
2 0.8666655005967758 0.4640173113562723 0.08377611067790838 0.08763577886860788
2 0.22845171666136385 0.03346567640718128 0.07434656667727228 0.06693135281436256
2 0.2822034253262276 0.0409939672204317 0.08226815467854491 0.0819879344408634