3 0.0816265487348605 0.5001387408288 0.04912839067472689 0.06078438730530315
1 0.5167555267345423 0.4990907178675464 0.9085110534690847 0.9981814357350928
4 0.17797100600731786 0.04874607389832569 0.07283861067790856 0.08490384890464334
4 0.17338405068427193 0.12468644827150507 0.06655224801081765 0.0815969924781526
4 0.17659141402768058 0.19883700211157104 0.07285679201145401 0.08646634890464333
4 0.165709005370771 0.2710529829112412 0.0696954293443631 0.08325042069139794
4 0.1596050033815887 0.35094507139104325 0.06976815467854491 0.08950042069139794
4 0.37601453743631347 0.7479096849436699 0.07603633601209037 0.09124477711788863
4 0.3737713321132675 0.8237818631569154 0.07596361067790855 0.08499477711788864
4 0.3660321047899034 0.89746941574334 0.07287497334499946 0.08802884890464355
4 0.9029630100254533 0.16128994253202433 0.08065111067790838 0.08513116943775674
4 0.9099118966820449 0.08684387199891093 0.07910679201145428 0.08664820533113407
4 0.5651213960852688 0.6118943139357029 0.08074201734563573 0.09294366943775678
4 0.5597441000954502 0.6870761703621936 0.08074201734563573 0.09294366943775678
4 0.5582730541056315 0.7621443665221277 0.07599997334499946 0.08811977711788863
4 0.5528866674490402 0.8365449729486183 0.069768154678545 0.08950042069139777
4 0.548308802792767 0.9132665973217977 0.07447383601209037 0.09119931301126591
3 0.32712940539463353 0.4421968940357277 0.0569954346753633 0.06569920783841657
3 0.7919191587364514 0.4911940543687914 0.042842028007635945 0.057477530878812286
3 0.325458364735815 0.5000775901956617 0.06168293467536321 0.06583560015828453
3 0.7544555214035422 0.4954101929277357 0.052253390674726855 0.06087531551854859
2 0.8421491621180401 0.8453216132234223 0.07283861067790838 0.0849038489046432
2 0.8570752754614486 0.9191311862638182 0.07447383601209054 0.09119931301126591
2 0.5795453333863613 0.37389420876285334 0.06973179201145392 0.08637542069139795
2 0.5879839947087708 0.29315267412311724 0.06971361067790874 0.08481292069139794
2 0.5957141313653622 0.2186838715366925 0.0728204293443632 0.08334134890464337
2 0.5987658586887262 0.1451327112701358 0.07276588534372692 0.07865384890464333
2 0.6018175860120903 0.0715815510035791 0.06967724801081765 0.08168792069139799
2 0.4336852040101814 0.06240644246551732 0.08072383601209036 0.09138116943775673
2 0.42827154535327183 0.13446329889200806 0.07445565467854501 0.089636813011266
2 0.4174709526973167 0.2137105296916782 0.06974997334499947 0.08793792069139794
2 0.14191970607890547 0.577317354777138 0.07609088001272672 0.09593227711788863
2 0.1373600227561777 0.6556014791503175 0.07596361067790855 0.08499477711788864
2 0.13121056743313178 0.7315873176301195 0.07759883601209036 0.09129024122451135
2 0.1250429307765404 0.8060106561099216 0.08234088001272669 0.0961141335443795
2 0.11813040678703993 0.883581726643035 0.07761701734563578 0.09285274122451134
0 0.516764617401315 0.48591448713438334 0.15106108545508548 0.9009667695960413