0 0.5127359615328333 0.45946492366186653 0.12679507917558794 0.8736959207272059
4 0.09938989773014438 0.10712328269656675 0.0805345976510021 0.08781897748246607
4 0.10456078252816503 0.1772355235972681 0.07874477711788867 0.07990634793281677
4 0.10017481089969496 0.2416985417958654 0.08196070533113406 0.08323160703211538
4 0.1012575892712249 0.30581110657069005 0.08365959765100213 0.08801923658176473
4 0.1017182420159342 0.37544248612033937 0.08554034639736088 0.099056866131414
1 0.5110469801728496 0.47510537553986704 0.9779060396543009 0.9502107510797341
4 0.9159469119159095 0.08688690777962113 0.07736413354437914 0.08605621838316742
4 0.9250467787672413 0.15753007480619918 0.0820516335443795 0.08635660703211538
3 0.6292929757185981 0.48408658698781687 0.05204588479802066 0.07351664558877821
3 0.706816233636157 0.5659991186046494 0.05512542069139794 0.07215440468807692
4 0.3836468212580292 0.7573388240310068 0.07433006175762476 0.0889809592838688
4 0.38937163552293647 0.8195885001568834 0.07061402837152997 0.06846820018457009
4 0.3838861651481077 0.8731640831303056 0.07140363855894431 0.042005829734219444
4 0.5775977465682807 0.6173286860003677 0.07272209765100204 0.08731832973421945
4 0.5804703454729241 0.6891536212255429 0.07727320533113406 0.0829312183831675
4 0.5792093738444539 0.7534163803248417 0.07396634890464338 0.0764809592838688
4 0.5803376163226066 0.8190914450996664 0.07396634890464338 0.0764809592838688
4 0.5763009856812211 0.8686606485234389 0.06836956677218957 0.044930570634920744
2 0.3645746285298145 0.10187007403100683 0.08053459765100204 0.08781897748246603
2 0.3696091210079671 0.16729481493170817 0.07695495658477522 0.07199371838316741
2 0.3662089878592991 0.23873901835548078 0.08370506175762475 0.08958173658176474
2 0.11122258880900646 0.6213860417958654 0.07874477711788871 0.07990634793281667
2 0.11404972360702711 0.6916484770210407 0.08977320533113406 0.08373225478036198
2 0.11283421608517971 0.7574737361203393 0.07718227711788872 0.07980621838316751
2 0.1053005124033983 0.8213557634182352 0.08692098997087014 0.09290699568106327
2 0.11171564845506018 0.8804303747692874 0.08739235141192578 0.05550712523071262
2 0.9094029906957859 0.8034829248984842 0.08352320533113407 0.08333173658176492
2 0.9117754844275797 0.8581203601236596 0.07783549498543536 0.048656347932816854
2 0.5796302933487177 0.36438415870247176 0.07263116943775678 0.08419332973421945
2 0.581490658550697 0.2938213348283485 0.07901756175762475 0.08928134793281668
2 0.5825925058059878 0.22408982572904984 0.07856292069139795 0.07365634793281677
2 0.5822000492212125 0.1568021961794005 0.07727320533113406 0.08293121838316742
2 0.5864041644231918 0.08608917798080322 0.07235838479802066 0.07481832973421945