1 0.5237531067669828 0.4710680727409214 0.9221454803026985 0.7593720881745124
3 0.5311929446765233 0.09604629340782617 0.05484400889724857 0.04590236188449899
3 0.5170707307598091 0.26861506209725955 0.048466674904859806 0.04234031930985207
3 0.4904909847141418 0.2892771233613399 0.045150673916276675 0.03743429802252862
3 0.47312304847775655 0.5936968255909129 0.06772601087441502 0.056151447033792934
3 0.5175243058921304 0.6258484078902151 0.06122134288963732 0.04946440445914604
2 0.9171436680219586 0.33857373892900977 0.06941584486680341 0.05938570767745457
2 0.8554567515200558 0.3436707843536483 0.06785334486680376 0.059276447033792846
2 0.7935470005314726 0.34329907977828683 0.06928851087441483 0.05626070767745457
2 0.37911579152049335 0.17092559713033792 0.07566584486680376 0.059822750252101556
2 0.3111152080223961 0.1748971851296234 0.06629084486680367 0.05916718639013112
2 0.25095895802239615 0.1791037199106002 0.06941584486680367 0.05938570767745457
2 0.18611520802239614 0.1836380366225622 0.07553851087441492 0.05669775025210155
2 0.12033104053191016 0.1843207336563551 0.06928851087441493 0.05626070767745457
2 0.20700725304011164 0.7925049382317166 0.07260451186299814 0.06116672896477802
2 0.14115941855343123 0.7916251352655095 0.07254084486680368 0.0596042289647782
2 0.674323451139495 0.5130320615930565 0.07254084486680376 0.05960422896477802
2 0.7423240346375921 0.5090604735937709 0.06941584486680377 0.05938570767745475
2 0.8017627016337865 0.5064710691346251 0.06616351087441501 0.05604218639013112
2 0.8652349526223697 0.5067335130663249 0.06954317885919252 0.06251070767745456
2 0.929361119618564 0.5038163266761937 0.06485567885919252 0.06218292574646948
0 0.5236894397707885 0.46950557274092136 0.8557990138401644 0.12528131143930743
4 0.914558543003368 0.1405350766761937 0.07566584486680342 0.059822750252101556
4 0.8543386260071738 0.1431791114571705 0.07241351087441501 0.05647922896477806
4 0.7903716265014653 0.15000254784730163 0.06941584486680377 0.05938570767745457
4 0.7268993755128822 0.14974010391560189 0.07553851087441502 0.05669775025210155
4 0.6604294585166878 0.15282118127122563 0.06941584486680377 0.05938570767745457
4 0.2552339170333754 0.3801581215197546 0.06941584486680377 0.05938570767745457
4 0.19110775003718103 0.3830753079098857 0.06928851087441493 0.05626070767745457
4 0.12854408304098666 0.3858832336563551 0.06928851087441493 0.05626070767745457
4 0.3841295326604258 0.5247061609923083 0.06772601087441502 0.056151447033792934
4 0.9340790890096666 0.7541987389290098 0.07254084486680341 0.05960422896477802
4 0.8684859225077639 0.7595689359628027 0.07254084486680376 0.05960422896477802
4 0.3177869496566202 0.5309122383479321 0.06941584486680377 0.05938570767745457
4 0.25675394916232863 0.5328296534507397 0.07241351087441492 0.056479228964778014
4 0.19259594866803703 0.534965589840871 0.06759867688202612 0.05302644703379293
4 0.13000044817374543 0.5369922655873403 0.06928851087441493 0.056260707677454745