1 0.5 0.5 1 1
3 0.4821978499717652 0.03527826006522427 0.08627069994353036 0.060338610677908563
3 0.4178109993647155 0.6723777233847704 0.06403167889684287 0.05383407200827221
3 0.43467592079257356 0.2783100973901792 0.07175317363517095 0.052362478675999566
3 0.2332884550640278 0.21194765869668042 0.07175317363517104 0.052362478675999566
3 0.4131774362952404 0.5794180640515431 0.06237817363517095 0.052253390674726855
2 0.06623235978923714 0.7752454480028634 0.04637374203690505 0.07236589600572696
2 0.11861390714428377 0.7899079320098632 0.08837923151356133 0.06973179201145392
2 0.18753821239183818 0.80710507001909 0.08837923151356133 0.06973179201145392
2 0.26400200185437706 0.819705614696044 0.08534523677523324 0.07125792934436319
2 0.33729528868608 0.8314885467059072 0.08525423151356133 0.0696954293443632
2 0.8153762441030435 0.6754423727720861 0.08341871572854594 0.06498974801081765
2 0.8886240283039106 0.6864440547819493 0.08534523677523324 0.07125792934436319
2 0.9604035983739985 0.696682668125358 0.07919280325200298 0.06813292934436319
2 0.6942160627165391 0.4718259294239049 0.08856124203690499 0.07285679201145392
2 0.7645208574407498 0.4859162487666772 0.08994173151356133 0.06974997334499947
2 0.8394221469032889 0.49849861211008584 0.08332771046687384 0.06342724801081764
2 0.9083919547816791 0.5164770001193126 0.08360072625188941 0.06811474801081766
2 0.9671398102974648 0.526661069462085 0.06572037940507051 0.06973179201145392
2 0.19242198940606914 0.0732846006922261 0.08874325256024877 0.07598179201145402
2 0.12078220783603803 0.06308235001590837 0.0824022472985769 0.07434656667727224
4 0.6378182044287433 0.8841708407463145 0.10169827886860787 0.08393974267981755
4 0.07027730475344422 0.536392033338636 0.08194722099021767 0.0665340666772721
4 0.1404910942159831 0.5489198526814084 0.08856124203690507 0.07285679201145392
4 0.22168788630935787 0.5623561913589988 0.09168624203690508 0.072893154678545
4 0.3819743969738759 0.41900727538190685 0.08874325256024873 0.0759817920114541
4 0.30307585224966516 0.40481695870463463 0.09361276308359248 0.07916133601209037
4 0.2312085575254545 0.39070845802831694 0.08727175782192056 0.07752611067790856
4 0.15617076017040782 0.3757823446849083 0.09168624203690508 0.07289315467854492
4 0.08416695755368936 0.3593300940085905 0.09066977360693615 0.08224997334499946
4 0.9487314445406841 0.2171497094604941 0.09839126834526439 0.08077838001272664
4 0.9880453025461314 0.22862355880008475 0.02390939490773718 0.07539998933799978
4 0.7118472386296103 0.8951816134229503 0.0936127630835923 0.07916133601209055
4 0.7878027938771647 0.9124605674331316 0.09820925782192055 0.07765338001272681
4 0.857553851755555 0.9304480461091312 0.08874325256024881 0.07598179201145427
4 0.9354436333255862 0.9407230221196308 0.09673776308359265 0.07919769867918092
0 0.5228402906014888 0.5042100734006787 0.9543194187970222 0.21726788812853962