1 0.49959973966091775 0.50859375 0.9991994793218355 0.9828125
0 0.47273310111901984 0.5188864754900467 0.8979410020669146 0.2216717466262569
3 0.2962796472328596 0.7959970685964723 0.054944365177646406 0.04091766587924894
3 0.31052623780340016 0.7589335782151191 0.058360463606069855 0.04727679328391084
4 0.9233322988044362 0.8241543950823109 0.08376287799792799 0.09028274881887377
4 0.8570887146440362 0.835143969584415 0.10058650496239849 0.08307044954451293
4 0.7759649931800836 0.8463964389143758 0.10058650496239867 0.08307044954451329
4 0.7004191836267897 0.8554961312024949 0.0991695541766104 0.08614088584218216
4 0.624727824859284 0.8677208234906137 0.10541955417661057 0.08635914065150559
4 0.07662642680236417 0.70694445916316 0.10712760339082214 0.08953870435383635
4 0.1554063982663169 0.6956101442797027 0.10229455417661049 0.08625001324684387
4 0.23258748242671667 0.6850025156939147 0.10549232878371625 0.08792164065150558
4 0.049749365387043415 0.5111582440095501 0.09931510339082215 0.08926588584218216
4 0.13232642494033736 0.5023040883819201 0.10222177956950458 0.08468751324684405
4 0.2127416710113959 0.48946183720079384 0.09589900496239867 0.08290675843752063
4 0.2876153924753487 0.47799111306150943 0.09582623035529281 0.08134425843752062
4 0.36472370202864257 0.4689459844757214 0.09746150496239876 0.08296132213985138
4 0.7636386608772014 0.11978680969561564 0.09746150496239867 0.08296132213985134
4 0.8416373823411541 0.10842521296099301 0.09589900496239885 0.08290675843752049
2 0.10599063337912071 0.9333358335725969 0.10229455417661044 0.08625001324684405
2 0.18309894293241463 0.9242907049868088 0.09582623035529289 0.08134425843752027
2 0.42029288193137865 0.8887525421876024 0.09582623035529281 0.08134425843752027
2 0.34225777316387296 0.9008953889222251 0.0960445541766104 0.08603175843752027
2 0.26425905169992026 0.9122569856568479 0.09411818114108117 0.0781646947351895
2 0.7484907723353034 0.6130283782072699 0.09582623035529281 0.08134425843752062
2 0.8264531064957034 0.6024480314726472 0.09411818114108109 0.07816469473518968
2 0.9076132152632088 0.5904143121426864 0.10058650496239849 0.0830704495445131
2 0.8844240800265706 0.3994520062449038 0.10400260339082194 0.08942957694917472
2 0.8000661966519591 0.4129390981702031 0.09916955417661058 0.08614088584218216
2 0.7237391370986652 0.4220115086071566 0.10244010339082213 0.08937501324684405
2 0.6433966656347124 0.43329125978828287 0.09597177956950453 0.08446925843752044
2 0.5677780814743126 0.4439534520764018 0.10876287799792798 0.09115576805616729
2 0.09326404073715633 0.2153199543538365 0.09916955417661044 0.08614088584218224
2 0.030898935484307343 0.22466518330244423 0.061797870968614686 0.08370536660488845