0 0.5364166453280934 0.48676350323104123 0.6903621920901143 0.19078353457236172
1 0.5366351666154169 0.4898885032310412 0.8946104656463516 0.8585191612815979
3 0.5234631772590786 0.49176012775607597 0.05004355866619044 0.046403527735416714
3 0.4755234319506556 0.3097658985576385 0.043465776735205 0.041570557370694414
3 0.4367558628929052 0.337273955928333 0.046590776735205175 0.041643292553055565
3 0.5806740157625672 0.7056219527942009 0.04179401609154336 0.03997168977951393
3 0.5318158986822882 0.689543664325208 0.0352162341605581 0.03513871941479163
4 0.7701153940675858 0.1135389830950688 0.07879127153942508 0.07827177678548618
4 0.716138088251387 0.1249680987863883 0.07733803218308673 0.0797979091943056
4 0.6629420324351882 0.13637903068211749 0.07199496832111638 0.07031380642076393
4 0.6105818569408205 0.14855302878225643 0.07243201089576327 0.07656380642076392
4 0.5566591814464525 0.16076339447357593 0.08180701089576328 0.07678201196784729
4 0.3064834908689475 0.43264362015663166 0.07522922896477802 0.07194904160312507
4 0.2526700760182414 0.4464164858479512 0.06886996832111639 0.07024107123840295
4 0.19974717181119703 0.4617336677436804 0.07544775025210156 0.07507404160312507
4 0.4521616136492098 0.557586455928333 0.07690098960843983 0.07354790919430557
4 0.39812967751118017 0.5682343216196525 0.06886996832111639 0.07024107123840295
4 0.34515214298230495 0.5827702535153817 0.07555701089576328 0.07663654160312508
4 0.2934639568442754 0.5933635678199304 0.07199496832111638 0.07031380642076393
4 0.23792415102807665 0.6048290511024303 0.07199496832111638 0.07031380642076393
4 0.9358039121759415 0.7372648109829854 0.0699954257464693 0.06402743882958326
4 0.8803187366815737 0.7495115442654854 0.07835422896477802 0.07202177678548623
2 0.35922680657250333 0.20213719614468723 0.07344820767745457 0.0687876740119445
2 0.30385089172179724 0.21594642942718725 0.08169775025210155 0.07521951196784729
2 0.25288932526193675 0.22574030993614563 0.07243201089576327 0.07656380642076392
2 0.1960055407330615 0.24036716080982626 0.07533848960843983 0.07351154160312508
2 0.14582522427320108 0.2501428575231944 0.07533848960843983 0.07351154160312508
2 0.8254359506400892 0.3227496757243743 0.07322968639013112 0.0656626740119445
2 0.7712947538583977 0.3318350414156938 0.06563570767745475 0.06860583605604172
2 0.7173720783640298 0.34404540710701326 0.07021394703379294 0.06715243882958344
2 0.6493754672358356 0.5130876542572217 0.06708894703379294 0.0670797036472223
2 0.7040793927302035 0.5008591047703119 0.06687042574646931 0.06395470364722229
2 0.7574393395118948 0.49179192287458273 0.07322968639013112 0.06566267401194459
2 0.8137057650062627 0.4795270057964924 0.0636361651028075 0.06231946846486114
2 0.8669018208224614 0.4681160739007632 0.07344820767745475 0.06878767401194459
2 0.3654910481977556 0.8624395697197915 0.07032320767745456 0.06871493882958361
2 0.3092792530252185 0.8754857367978817 0.07210422896477811 0.07187630642076392