1 0.5070009716223699 0.4652244818014027 0.9859980567552602 0.9304489636028054
0 0.5374403547157636 0.45427677591362 0.14629702960502264 0.8745575138796605
3 0.7684085549003337 0.5085079912144683 0.05813147748246603 0.08152940468807693
3 0.6890820003045418 0.4947644686969344 0.06780686613141391 0.08681768198597269
2 0.9249568345145814 0.09918664868032248 0.0780434592838688 0.07658108883351811
2 0.9310053778516064 0.1568489543558485 0.08761871838316751 0.080306866131414
2 0.9352608837117025 0.2232552043558485 0.08333173658176456 0.08625647748246604
2 0.6540132788390555 0.11890287554447969 0.0782437183831675 0.07970608883351811
2 0.6584690437984502 0.1884341255444797 0.08675712523071262 0.09114423658176474
2 0.23559394586563345 0.1386562800756731 0.08283108883351815 0.07844397748246604
2 0.23866768352713233 0.19886259485049776 0.07688147748246603 0.0827309592838688
2 0.2408600416389819 0.2575564744001471 0.08313147748246603 0.08313147748246603
2 0.2476595565983767 0.32693753007567306 0.08393251387966068 0.09563147748246603
2 0.35109634869878387 0.7658813116925056 0.07940570018457009 0.0735562183831675
2 0.3516260772609841 0.8231128207918044 0.07814358883351806 0.07814358883351816
2 0.35858627852528835 0.8705187469176809 0.0773029796419344 0.0407437183831675
4 0.14900292257290718 0.7827543383720927 0.08293121838316742 0.08000647748246621
4 0.15114521590993205 0.8406669679217421 0.07824371838316742 0.07970608883351815
4 0.1426306114987103 0.8914179395441121 0.0882404796419344 0.041444625230712615
4 0.11192351326135179 0.2775859770210407 0.08675712523071266 0.09114423658176474
4 0.1044428778516063 0.20981748612033937 0.08535531153562217 0.06926923658176473
4 0.10043769586563348 0.14731748612033937 0.0859560888335181 0.0786442365817647
4 0.6370326511351074 0.8087454279808032 0.08721820018457009 0.0740568661314139
4 0.6382737785252883 0.8525955575304526 0.08092862739018099 0.04875647748246621
4 0.9576755054725 0.6680367782299719 0.084648989055 0.07728199568106327
4 0.964415661240311 0.7284736304817252 0.07116867751937797 0.07083173658176474
4 0.9662179931339988 0.7880989543558485 0.06756401373200234 0.07658108883351815
4 0.9636582460640468 0.8384494077796212 0.07268350787190628 0.04426923658176492