1 0.5 0.5 1 1
0 0.467257637264672 0.496388985880742 0.29285065699520346 0.9193196159934022
2 0.8331233806293834 0.007937902811216313 0.0775032387412331 0.015875805622432626
2 0.8466258736895531 0.04328018933141425 0.08549501387966067 0.0865603786628285
2 0.5475890800479866 0.6422122997499379 0.08978199568106326 0.08683006175762475
2 0.5596897594130656 0.7089224266303997 0.08841975478036197 0.08990959765100204
2 0.5696970126522681 0.7717944996707956 0.07698160703211539 0.0817788489046432
2 0.582779201116646 0.8353568944979461 0.08176923658176474 0.08347774122451135
2 0.5919050748061991 0.8998141995916533 0.08010660703211539 0.08186977711788863
2 0.38135640346068445 0.8147047283588946 0.09028264342930994 0.09464256175762457
2 0.39345708282576364 0.8814148552393565 0.08968186613141409 0.08526756175762493
2 0.4033141417404922 0.9466306782797524 0.08166910703211538 0.08191524122451135
2 0.03257101480712389 0.4415820947480082 0.06514202961424778 0.09312552586424747
2 0.027767647286821285 0.3723236293877443 0.05553529457364257 0.09285274122451134
2 0.020926164405684403 0.3108549319741691 0.04185232881136881 0.07829013605166182
2 0.014685458822443449 0.2431362345605938 0.029370917644886897 0.08872753087881238
2 0.01048811459025453 0.17769309098708455 0.02097622918050906 0.08523881802583091
4 0.4646249020671832 0.06290053595988433 0.08841975478036197 0.08990959765100211
4 0.47370071098191174 0.12813909105359153 0.08353199568106326 0.08664820533113407
4 0.4852704642211142 0.19096569998736473 0.08549501387966067 0.09294366943775674
4 0.49180226403654415 0.25939745124100594 0.08030686613141391 0.08499477711788872
4 0.5028713695275 0.3300365601747791 0.08912066162790708 0.10084709765100212
4 0.29159151295680996 0.2441685709953318 0.09497014342930994 0.09477895407749282
4 0.28188464836655547 0.17660899795493595 0.09174501387966058 0.09312552586424747
4 0.2745215337763009 0.10898122875460606 0.08841975478036197 0.08990959765100212
4 0.06754302977113129 0.7591129240566102 0.08841975478036197 0.08990959765100222
4 0.07969377391103513 0.8250418009370721 0.08635660703211538 0.0820516335443795
4 0.08891977715023765 0.8879366060307792 0.08862001387966063 0.09303459765100186
4 0.09965821561461548 0.9515671970178637 0.08821949568106335 0.08678459765100185
4 0.1130803655223304 0.9854875559516371 0.07932655459579183 0.021023205331134064
4 0.9322167990494628 0.7487695589876449 0.041044107032115563 0.08073317445232178
4 0.9334300431893666 0.8150166846144655 0.03060725478036197 0.08822742570596276