1 0.4984375 0.51328125 0.965625 0.95859375
4 0.34765625 0.09921875 0.07734375 0.090625
4 0.3453125 0.184375 0.078125 0.0921875
0 0.4921875 0.14921875 0.059375 0.209375
0 0.50390625 0.784375 0.078125 0.0625
2 0.27421875 0.8125 0.07734375 0.08671875
2 0.27421875 0.89453125 0.08203125 0.08359375
2 0.26171875 0.95703125 0.08984375 0.0484375
2 0.425 0.96171875 0.07890625 0.04375
2 0.5421875 0.57109375 0.078125 0.078125
2 0.5296875 0.65625 0.090625 0.0984375
2 0.52421875 0.84921875 0.08984375 0.08671875
4 0.5734375 0.2796875 0.084375 0.0953125
4 0.50390625 0.3 0.06015625 0.0796875
2 0.54296875 0.9109375 0.08203125 0.08828125