0 0.49609375 0.49296875 0.07421875 0.96796875
3 0.48828125 0.43125 0.08203125 0.08984375
3 0.49609375 0.32109375 0.05625 0.07109375
3 0.4859375 0.51015625 0.06015625 0.06796875
3 0.50703125 0.57578125 0.06015625 0.065625
3 0.5046875 0.64921875 0.06015625 0.07109375
1 0.4984375 0.5 0.86328125 1
4 0.35 0.04375 0.07109375 0.07265625
4 0.35390625 0.11171875 0.06875 0.06953125
4 0.35546875 0.1921875 0.06953125 0.0765625
4 0.5609375 0.03828125 0.06953125 0.07421875
4 0.56484375 0.109375 0.071875 0.07109375
4 0.56953125 0.1765625 0.06484375 0.07421875
4 0.5625 0.2453125 0.06484375 0.07265625
4 0.5609375 0.3171875 0.06953125 0.0765625
4 0.8453125 0.8765625 0.07421875 0.07578125
4 0.8609375 0.94765625 0.07109375 0.07578125
4 0.115625 0.66328125 0.07109375 0.07265625
4 0.1125 0.73125 0.06875 0.07578125
4 0.11328125 0.80078125 0.07109375 0.08125
4 0.121875 0.8703125 0.06875 0.07109375
4 0.11171875 0.93984375 0.0671875 0.0796875
2 0.11875 0.046875 0.07109375 0.0765625
2 0.115625 0.1140625 0.0671875 0.07109375
2 0.11484375 0.18046875 0.0640625 0.07421875
2 0.115625 0.24765625 0.06484375 0.06796875
2 0.11328125 0.31953125 0.06875 0.07265625
2 0.35625 0.80078125 0.06640625 0.08125
2 0.35546875 0.87265625 0.0671875 0.07265625
2 0.353125 0.93828125 0.0671875 0.07421875
2 0.5609375 0.6625 0.06875 0.07109375
2 0.565625 0.7296875 0.06875 0.07421875
2 0.56875 0.8 0.06484375 0.07578125
2 0.56328125 0.871875 0.06640625 0.07109375
2 0.56328125 0.94140625 0.06640625 0.0765625
2 0.88359375 0.10859375 0.06484375 0.08125
2 0.88203125 0.040625 0.06953125 0.078125