1 0.4999590564224351 0.49765625 0.9999181128448702 0.9953125
0 0.47770236035847946 0.45591391564513983 0.8960029760284247 0.29924778680573905
3 0.7249923609243062 0.6341394945798626 0.05525406603337366 0.04527283524981485
3 0.7007669668717715 0.6067075616863903 0.05870661465389251 0.05179623732333312
4 0.12311452114650012 0.9302070354381022 0.10631195499752559 0.09951056738935193
4 0.19893339269779764 0.908020385673658 0.10434001922187681 0.09156136635259245
4 0.28030290140422487 0.8837927822805561 0.1043400192218769 0.09156136635259245
4 0.35464116011065216 0.860180333552871 0.10129690637700665 0.09285046427907381
4 0.43115939450682 0.8394878332700472 0.10762879353213642 0.09495976842611106
4 0.909907350747541 0.45931727742606665 0.10927318068726599 0.0966589694628702
4 0.8316628420411136 0.48327147874564974 0.10450379353213642 0.09468636635259245
4 0.7542814704898162 0.5055948295468534 0.10771068068726616 0.09652226842611107
4 0.8809579144060653 0.269766053345048 0.10146068068726635 0.09597546427907391
4 0.7994655749669435 0.29633740673814973 0.10442190637700666 0.09312386635259236
4 0.7190001469932108 0.3181529096128718 0.0980900192218769 0.09101456220555537
4 0.6432222190194782 0.3395583093773161 0.09800813206674697 0.08945206220555538
4 0.567280516735486 0.3640887091417604 0.10113313206674715 0.08972546427907391
4 0.08754983039401036 0.21397573416578722 0.1011331320667471 0.08972546427907391
4 0.02921610922682563 0.23527382719129636 0.05843221845365126 0.08882734561740727
2 0.9271037375639863 0.6802258082460204 0.07012879353213605 0.09167894354388864
2 0.8690898417024293 0.7039653960877332 0.09800813206674733 0.08945206220555538
2 0.6322582270485368 0.7713455516016217 0.09800813206674715 0.08945206220555538
2 0.7103799050222696 0.7497351002820385 0.09825379353213641 0.09413956220555537
2 0.7877612765735671 0.727411749480835 0.09628185775648763 0.08619036116879605
2 0.2415590632082984 0.658548065975232 0.09800813206674715 0.08945206220555538
2 0.16335549807943603 0.6817210172948152 0.0962818577564876 0.08619036116879605
2 0.08202693295057364 0.7051673706879169 0.10434001922187686 0.09156136635259245
2 0.05178108774367089 0.5212899481620372 0.10356217548734178 0.09794806738935158
2 0.13490070669500626 0.4975701926954169 0.10129690637700661 0.09285046427907381
2 0.21080146540143355 0.4738210429309727 0.10466756784239584 0.09781136635259244
2 0.29060847410786084 0.44973014057463023 0.09817190637700665 0.09257706220555537
2 0.36642734565915835 0.42754349081018594 0.11091756784239584 0.09835817049962951
2 0.7549940372005584 0.031791139137269206 0.10129690637700647 0.06358227827453841
2 0.8332385459069854 0.01974568795909798 0.09817190637700648 0.03949137591819596