1 0.50625 0.49652083333333336 0.68125 0.8819374999999999
3 0.132296875 0.48056249999999995 0.04167187499999998 0.0527708333333333
3 0.303640625 0.4986041666666667 0.036453124999999975 0.0472291666666667
3 0.3234375 0.5256875 0.034375 0.04306250000000003
3 0.625515625 0.55 0.051046874999999936 0.06389583333333325
3 0.659890625 0.50625 0.04479687499999994 0.05972916666666658
2 0.39426562500000006 0.1006875 0.053125 0.06527083333333333
2 0.39582812500000003 0.1625 0.052078124999999975 0.06389583333333336
2 0.39270312500000004 0.2243125 0.05 0.06527083333333336
2 0.198953125 0.6340208333333333 0.05417187499999998 0.07083333333333333
2 0.19948437500000002 0.7020833333333333 0.053125 0.0625
2 0.20051562500000003 0.7625 0.053125 0.06666666666666667
2 0.2015625 0.8270833333333333 0.051046875000000026 0.07083333333333333
2 0.199484375 0.8930625 0.05104687499999998 0.06666666666666667
2 0.8098906250000001 0.8201458333333334 0.05520312499999989 0.06806249999999991
2 0.80625 0.8861041666666666 0.052078124999999885 0.06943750000000008
2 0.55625 0.34791666666666665 0.052078125000000065 0.06806250000000004
2 0.555203125 0.2798541666666667 0.052078125000000065 0.0652708333333333
2 0.55625 0.22014583333333335 0.05 0.0625
2 0.559375 0.1569375 0.05625 0.06666666666666667
2 0.559890625 0.0930625 0.05520312500000006 0.06110416666666666
0 0.5046875 0.49722916666666667 0.051046874999999936 0.8527708333333333
4 0.196875 0.0993125 0.052078124999999975 0.07083333333333333
4 0.19582812499999996 0.15902083333333333 0.05 0.06806249999999997
4 0.2 0.22360416666666666 0.052078124999999975 0.06666666666666667
4 0.19582812499999996 0.28681249999999997 0.05 0.07083333333333333
4 0.195828125 0.35277083333333337 0.05207812500000002 0.06666666666666667
4 0.4015625 0.7625 0.053125 0.06666666666666667
4 0.400515625 0.8263958333333333 0.051046874999999936 0.06666666666666667
4 0.401046875 0.8888958333333333 0.05 0.06666666666666667
4 0.552078125 0.6375 0.05 0.06389583333333325
4 0.8098906250000001 0.09375 0.053125 0.0680625
4 0.8114531250000001 0.15972916666666667 0.052078124999999885 0.06943750000000003
4 0.555734375 0.7041666666666667 0.053125 0.06666666666666667
4 0.553640625 0.7645833333333333 0.051046874999999936 0.06806249999999991
4 0.552078125 0.8291666666666667 0.04792187499999993 0.06389583333333325
4 0.5515625 0.8916666666666667 0.04895312500000006 0.06666666666666667