1 0.50625 0.5003009741424733 0.9875 0.9993980517150532
0 0.5365027590235126 0.5281543253789233 0.9269944819529747 0.1335476488487281
3 0.46662874591711406 0.24214947933356665 0.07617960485118865 0.07769936782657301
3 0.4722885566776581 0.3236950562733504 0.07149210485118865 0.07747363721971799
3 0.5425834050300649 0.8493196949617727 0.07499974212409218 0.08247065094685155
2 0.09131026833688939 0.10176381671616246 0.08762728788172677 0.08468810811709682
4 0.11610258743238315 0.22848832335784844 0.08424719636645772 0.08130660327526236
4 0.18537874591711406 0.22860564292226654 0.08475737939699587 0.08776863881645793
4 0.14768575108726179 0.7369597827810914 0.08399210485118865 0.07807558550466462
4 0.9003660171289415 0.25498963780896916 0.0729270590935542 0.07593337187003756
4 0.8707894427426137 0.4619783541544318 0.0766897878817268 0.08416140336776858
4 0.9330183757731518 0.47141250935255163 0.07267196757828494 0.07270235409943981
4 0.7742007115385451 0.6778102933402386 0.08163237939699589 0.08761815174522115
4 0.8359832344173623 0.6815901674398122 0.07487219636645755 0.08085514206155231
4 0.9618848160756237 0.9067921539405966 0.07623036784875267 0.07984158146120053
4 0.8931580056291896 0.6762966338311962 0.0751272878817268 0.08408615983215005
4 0.9559130971444588 0.6825373930265272 0.07748701333591938 0.07454359359159352
2 0.7705833090935542 0.1095296105236236 0.07837983363936125 0.08585215578868569
2 0.8350284463664577 0.11746112213987189 0.07305460485118864 0.07754888075533632
2 0.9012433777300058 0.11823570907570279 0.07930460485118865 0.07784985489780968
2 0.9229582363742164 0.3341318758699568 0.0763071506088231 0.07931487671187187
2 0.11980089865196912 0.4330560035058581 0.07889001666989945 0.09231419132988107
2 0.18386339865196913 0.43614098846620986 0.07330969636645768 0.08077989852593416
2 0.24591698850024826 0.4334964487923971 0.07318215060882319 0.07916438964063528
2 0.12496624396026004 0.5773430745976336 0.08242960485118864 0.07800034196904646
2 0.17168071579060884 0.9127315798175378 0.08399210485118865 0.07807558550466462
2 0.23078477775910086 0.8825857673258352 0.07774210485118864 0.07777461136219126
2 0.29146718624383183 0.8822892474443526 0.07005715060882309 0.07901390256939861
2 0.3556412565472736 0.8966451728339871 0.07761455909355411 0.07615910247689238
2 0.9009064748744645 0.7547240583038097 0.07617960485118828 0.07769936782657309
2 0.9640534163002956 0.7601946848243005 0.07189316739940885 0.07108684521414094