0 0.5430151291071318 0.482868597504497 0.7636790890993732 0.28601319288002186
4 0.9059467242462448 0.08747057477712429 0.08335437606301603 0.07691096270276414
4 0.8465239268216201 0.07767191274622637 0.07904951333591939 0.08218760928842438
4 0.7907522878817268 0.06411828229033516 0.08035692182065049 0.07861713289030574
4 0.7360169904571022 0.05416148423640183 0.08529951333591956 0.08239845731913825
4 0.6772478972748432 0.04329981399285924 0.0950571506088231 0.08659962798571848
1 0.52109375 0.4992883878963406 0.9578125 0.9985767757926812
4 0.7970475065472735 0.9654987923097299 0.08109050333398002 0.022615848623485712
4 0.7366361650320045 0.9639050161995538 0.08003818636451818 0.029809513427401815
3 0.503442059262732 0.6104084668439789 0.07190669303247788 0.06929560183742076
3 0.42176136668929615 0.6848919542846268 0.0722893303053814 0.0747303844461162
4 0.306663685615612 0.2847377605658543 0.08944487939699589 0.09699663495768363
4 0.2523110254638911 0.2802157451206167 0.07343724212409226 0.09103473227220316
4 0.20734934076636305 0.2644815364080776 0.04974465060882318 0.0866208637512291
4 0.3982924315327261 0.529516548896779 0.08931733363936126 0.09518504075478518
4 0.3349633841081016 0.5198496668850774 0.08501247091226496 0.10046168734044529
4 0.28081801804702533 0.507149121522957 0.07837983363936125 0.0948160567010358
4 0.22373897062240083 0.49727139148054134 0.07837983363936125 0.0948160567010358
4 0.18287485456132452 0.48412279405315395 0.052742104851188645 0.08491469356368747
2 0.8721927039525014 0.3755210231000025 0.08995506242753422 0.10424301176927772
2 0.8162137709219632 0.3701459225609941 0.07550992515463051 0.09833382109147587
2 0.7540008133456179 0.3540857488314689 0.09177265394280312 0.10791891218275333
2 0.4647320507586043 0.024534065506452603 0.07946410151720862 0.049068131012905206
2 0.40438448212215256 0.02287091435567419 0.08376896424430509 0.04574182871134838
2 0.34971295757634535 0.012871097264977656 0.0775509151526907 0.025742194529955312
2 0.2945152745458072 0.0066262485992744 0.08590554909161448 0.0132524971985488
2 0.18582335093748056 0.8708093953895616 0.08670251666989941 0.10232599355102236
2 0.1390918721493079 0.8633064286015837 0.05468724212409222 0.09040218818006163
2 0.6137100085041276 0.5749103037404043 0.08619233363936125 0.09507961673942815
2 0.6742329203228384 0.5892115952747093 0.0913900166698994 0.10248412957405789
2 0.733910809262732 0.6026334457114044 0.07719997091226496 0.10019812730205273
2 0.7910536295661736 0.6134169728552693 0.08332242515463033 0.09859738112986823
2 0.8509866100213364 0.6304620116977614 0.0782522878817268 0.09300446249813725