1 0.49929687500000003 0.4993376413570274 0.9786875 0.9869305331179321
0 0.504265625 0.5008077544426495 0.07101562500000007 0.9575605815831988
3 0.22868750000000002 0.45234248788368336 0.07101562499999999 0.07050080775444263
3 0.30753125 0.4501453957996769 0.06960937500000001 0.06609046849757669
3 0.814625 0.47069466882067856 0.0752812500000001 0.06903069466882071
2 0.1036875 0.07636510500807754 0.07670312500000001 0.08224555735056542
4 0.22585937500000003 0.08957996768982229 0.07385937499999998 0.0793053311793215
4 0.22443749999999998 0.16155088852988692 0.07954687499999995 0.0793053311793215
4 0.718046875 0.07197092084006461 0.06960937499999993 0.0793053311793215
4 0.22868750000000002 0.9017447495961227 0.06818749999999998 0.06756058158319861
4 0.43039062499999997 0.8503392568659128 0.07670312500000005 0.07050080775444281
4 0.4375 0.9134894991922456 0.06534375000000008 0.06756058158319861
4 0.642046875 0.7284491114701132 0.07954687499999995 0.07636510500807751
4 0.64346875 0.7923263327948303 0.07385937499999998 0.06903069466882071
4 0.858671875 0.9061550888529887 0.07243749999999985 0.08224555735056556
4 0.63778125 0.8525525040387723 0.07670312500000005 0.06903069466882071
4 0.641328125 0.917172859450727 0.06676562500000002 0.07197092084006455
2 0.091625 0.7813247172859451 0.078125 0.07342487883683367
2 0.09659375 0.8474151857835217 0.071015625 0.06756058158319861
2 0.095875 0.9157027463651051 0.06960937499999997 0.07489499192245541
2 0.3046875 0.9164297253634894 0.07243750000000002 0.07050080775444281
2 0.42400000000000004 0.0734248788368336 0.08381249999999998 0.07342487883683363
2 0.42471875 0.13951534733441034 0.07385937499999998 0.06756058158319869
2 0.42117187500000003 0.20413570274636514 0.07243750000000002 0.06756058158319869
2 0.563921875 0.06389337641357028 0.07101562500000007 0.07783521809369953
2 0.88778125 0.0793053311793215 0.07101562500000007 0.0793053311793215
2 0.85653125 0.14392568659127625 0.07101562500000007 0.07342487883683359
2 0.85440625 0.20707592891760906 0.07243749999999985 0.06462035541195477
2 0.866484375 0.27243941841680125 0.06818750000000015 0.07197092084006464
2 0.7130625 0.8518093699515347 0.07101562500000007 0.07050080775444281
2 0.716625 0.9178998384491114 0.06392187499999995 0.06756058158319861