1 0.49296875 0.49990644992622363 0.9859375 0.9998128998524473
0 0.48845328980017316 0.4984757513283311 0.932487804520903 0.14605912977742133
4 0.08579518959208268 0.7981546548542693 0.08154224715020839 0.08390199063687051
4 0.15372757200090212 0.7981346006123614 0.08176045269729175 0.09354829288767437
4 0.08278190520715224 0.6552175182520543 0.07827177678548616 0.07739628241064664
4 0.897076875287534 0.8325547604091096 0.07689111474138884 0.08539744759013956
4 0.7697889830950688 0.7640985044836006 0.07696384992375016 0.08861288167374066
4 0.8353412479127076 0.7657422973277591 0.07689111474138884 0.08539744759013938
4 0.9018747844818396 0.7585249364272589 0.07525587955902786 0.08214459347702763
4 0.7116517876159717 0.6417636734158622 0.08797408510611113 0.09209025596391578
4 0.7783853459365966 0.6257038687854584 0.0755104526972918 0.09339861276963213
4 0.8397040524336106 0.641910665079599 0.07543771751493047 0.09018317868603085
4 0.9002967135277771 0.6211773894418355 0.07205814437666688 0.07885431933440522
4 0.8940480199485412 0.5522326567919607 0.08306837955902786 0.08233169362458033
3 0.6222503276035761 0.31369786315548354 0.04960126291777787 0.05260696625244728
3 0.6090807932186457 0.171003956745087 0.055887630508958355 0.054364363412290166
2 0.160458842421215 0.32797091595944966 0.07707295269729171 0.0934360327991426
2 0.22310235315479132 0.42368486576370107 0.07543771751493064 0.09018317868603085
2 0.07783144642902766 0.1491795603947123 0.08008884992375007 0.08868772173276178
2 0.07948225256545115 0.2833116732965344 0.08143314437666674 0.0790788395114684
2 0.08336901234909692 0.35311639451157545 0.08303201196784729 0.08072397658277969
2 0.0825682721327427 0.42303337581514816 0.08786498233256952 0.08726710483851385
2 0.15024608140329826 0.4342673408658448 0.07983427678548619 0.07743370244015728
2 0.8375298354873608 0.323807210980135 0.0831774823325695 0.08715484474998227
2 0.9053712989182289 0.3278064493427288 0.07532861474138883 0.08536002756062891
2 0.7069909631465275 0.19195839199203227 0.08626611474138883 0.08562196776720264
2 0.7727432497156596 0.1847597411062873 0.0767820119678472 0.08057429646473745
2 0.8382955145332985 0.18640353395044587 0.07365701196784755 0.08049945640571643
2 0.9101886983288887 0.18387835407206068 0.07685474715020853 0.08378973054833874
2 0.8401152005130902 0.03903520294501573 0.08150587955902786 0.07807040589003146
2 0.9088288329219096 0.03818389727365093 0.0767456443766669 0.07636779454730186