1 0.4762673118034143 0.4925382802962965 0.7537153763931714 0.985076560592593
4 0.7698114367610053 0.6276374610899176 0.07304068511654264 0.11500424276901196
4 0.7073114367610053 0.6350991807936212 0.0730952488188736 0.11713643893105886
0 0.7428818929289405 0.4321012512866797 0.15692461179556502 0.10588779891058958
0 0.2789930077197303 0.4502843587471539 0.05122024881887359 0.11452483703476252
2 0.24287442532825992 0.7660088703536926 0.06991568511654282 0.11463115678382686
2 0.1828000208817562 0.7699924813254369 0.0670089399258662 0.12278685544682917
2 0.13710557496544024 0.7903276012449503 0.042227194735189676 0.12833095221353538
2 0.14436998185901465 0.5673265593184557 0.03877481252120454 0.11516468925606883
2 0.43873259546867827 0.38657412559602106 0.06372024881887359 0.11601718097550336
2 0.3750966814035277 0.4079883918493259 0.0782738221398513 0.1368858333672588
2 0.23288189955236227 0.42602990225627485 0.07035219473518968 0.13168872608020202
4 0.6536408328548065 0.3279686950991094 0.07649306733052796 0.1281705057264785
4 0.6340252481010834 0.4249033972287153 0.06155754809323426 0.0923764802003947
2 0.18905997768266342 0.4036278274385538 0.07013393992586625 0.12315994143201438