1 0.46060407846921364 0.4992781740067279 0.9194168430615728 0.9985563480134558
2 0.26575331938535784 0.2684646206448579 0.07786965060882318 0.08985513719304138
0 0.4566340555903963 0.49063742408372124 0.7349802621279714 0.23129094912012838
2 0.21774625408288592 0.2516410013689911 0.06629442182065048 0.08022696904548964
2 0.16753895999224133 0.24424868860614724 0.0699296048511886 0.08781138658281375
2 0.17806174287299825 0.1811475227044313 0.06954696757828502 0.08217228883845284
2 0.1909282757537552 0.1179971413940832 0.07617960485118865 0.08794262767249962
4 0.20730244590741576 0.04914204179453125 0.07267196757828502 0.08223790938329578
4 0.6746338539331047 0.18667489454721836 0.07318215060882309 0.08975670637577696
4 0.7326536480237493 0.19390315594795487 0.07786965060882309 0.08985513719304138
4 0.8095826809045062 0.12940755346832686 0.0729270590935542 0.08599730787953636
4 0.7972423065084803 0.1963009281387048 0.07279951333591939 0.08411760863141605
4 0.8512283048414903 0.2054909144686153 0.07461710485118864 0.08790981740007817
4 0.8651311792375163 0.13856472952581586 0.07461710485118864 0.08790981740007817