1 0.5098906249999999 0.5436687631027254 0.940625 0.91125786163522
3 0.7359375 0.3745702306079664 0.03229687499999993 0.055911949685534625
3 0.743234375 0.40949685534591196 0.03229687499999993 0.053102725366876276
4 0.0875 0.16771488469601678 0.06667187500000002 0.07547169811320754
4 0.090109375 0.23830188679245284 0.06145312500000002 0.0852620545073375
4 0.8869843749999999 0.17050314465408806 0.065625 0.07547169811320754
4 0.8921875 0.2341090146750524 0.06354687500000011 0.07406708595387844
4 0.89375 0.2941928721174005 0.06667187500000012 0.07406708595387837
4 0.8984375 0.35150943396226414 0.06770312499999989 0.07127882599580712
4 0.8984375 0.4157861635220126 0.06979687500000012 0.0880503144654088
4 0.42551562499999995 0.7728930817610064 0.065625 0.07268343815513618
4 0.42604687500000005 0.8378825995807129 0.06667187499999994 0.07127882599580712
4 0.42604687500000005 0.8951781970649895 0.06457812500000007 0.06849056603773576
4 0.4265625 0.9517819706498952 0.06354687499999993 0.06987421383647807
4 0.4265625 0.9930188679245283 0.06354687499999993 0.012578616352201259
4 0.6546875 0.8923899371069183 0.06354687499999993 0.06568134171907765
4 0.652609375 0.9538784067085954 0.06145312500000007 0.06010482180293492
4 0.651046875 0.989517819706499 0.0625 0.01955974842767304
2 0.39948437499999995 0.17121593291404613 0.059375 0.07687631027253666
2 0.4046875 0.229916142557652 0.057296874999999935 0.06849056603773582
2 0.4046875 0.2893081761006289 0.065625 0.06708595387840671
2 0.40676562499999996 0.3487002096436059 0.06354687499999993 0.06568134171907754
2 0.41042187500000005 0.41788259958071283 0.06457812500000007 0.07825995807127879
2 0.64375 0.1691194968553459 0.058328125000000064 0.06987421383647802
2 0.645828125 0.22641509433962265 0.0625 0.07825995807127879
2 0.644796875 0.2941928721174005 0.0625 0.0936477987421384
2 0.89375 0.7728930817610064 0.07082812499999988 0.07825995807127892
2 0.892703125 0.8322851153039832 0.06875 0.07127882599580712
2 0.8947968749999999 0.8853878406708595 0.06667187500000012 0.06849056603773576
2 0.896875 0.9461844863731655 0.06875 0.06429769392033534
2 0.8994843749999999 0.9874213836477987 0.071875 0.02375262054507346
2 0.10989062499999999 0.949685534591195 0.06770312500000002 0.0740670859538785
2 0.1125 0.9891614255765199 0.07917187500000003 0.021656184486373253
0 0.500515625 0.5415932914046121 0.078125 0.879098532494759