1 0.47555585913871495 0.49567463018906116 0.7988882817225701 0.9913492603781223
3 0.45253854606843724 0.30098243442181377 0.05112739532659738 0.06853125357153059
3 0.4913841469421179 0.22123347877924834 0.04960126291777787 0.07044893024793573
0 0.4919439253431247 0.4548215603548555 0.7037809230620139 0.19050956404667257
4 0.1835975631671869 0.9556998034335235 0.06497168977951392 0.05745773049419364
4 0.2382668793715966 0.9516844664891465 0.06181032218833336 0.05510751683669466
4 0.3446623497363189 0.9336328722372729 0.06522626291777786 0.0718907201849153
4 0.39858678353190913 0.9276277691196416 0.06057513050895835 0.07352003887392466
4 0.20274248708222217 0.04716402276571524 0.07027743882958334 0.09294181386704013
4 0.14647430328663189 0.05338539437389333 0.062283100873680566 0.08191164054803485
4 0.8253356939604857 0.5681529736170107 0.059230836056041625 0.08574699390084517
4 0.7729373925737149 0.5760757534110469 0.06395470364722229 0.08824138655204197
4 0.7222106939604858 0.577668787201076 0.0670797036472223 0.0885297445394381
4 0.6054265035153816 0.3445127623054514 0.06864220364722229 0.08867392353313593
4 0.6570435549021525 0.3366620720082641 0.060793336056041626 0.08589117289454311
4 0.7118765252668748 0.3233683845484231 0.059194468464861316 0.08368513823074207
4 0.7635481280404164 0.3124249107460812 0.06239220364722229 0.08809720755834415
4 0.8175271132227774 0.3033270241232954 0.06231946846486096 0.08397349621813796
2 0.6239322756481244 0.8872783651611561 0.06562630642076392 0.09457113255604932
2 0.6755856946260759 0.8773658191938657 0.06566267401194459 0.0966329882261524
2 0.7295464960128466 0.8692988604061316 0.06871493882958343 0.09279763487334235
2 0.7819629811952078 0.8603451527770437 0.06239220364722229 0.08809720755834415
2 0.8320539001731593 0.8505767858034512 0.06399107123840295 0.09030324222214507
2 0.17439013658979124 0.6817396824180423 0.06231946846486118 0.08397349621813772
2 0.22836912177215235 0.6726417957952564 0.06871493882958343 0.09279763487334235
2 0.2807856069545135 0.6636880881661686 0.059230836056041715 0.08574699390084517
2 0.15800598964767334 0.4166757895546142 0.06235583605604171 0.08603535188824106
2 0.213583842421215 0.4053718682680274 0.060793336056041716 0.085891172894543
2 0.266708842421215 0.40046978248229675 0.06391833605604172 0.086179530881939
2 0.32083329796829835 0.3831244731790986 0.059230836056041715 0.08574699390084517
2 0.37555716555947893 0.3760163527295669 0.06555357123840286 0.09044742121584314
4 0.2899021145539577 0.9428028483569076 0.06195579255305557 0.06335493951710704