1 0.5 0.5 1 1
0 0.5233721387370094 0.4476853024458734 0.9402442989592033 0.315896776884799
4 0.06988088930283633 0.2782992932259539 0.09208568068726611 0.09738141471643373
4 0.1355092113291037 0.2574484176509389 0.09413950361804461 0.10715895375965889
4 0.0973994589542545 0.41807231460293254 0.0870706320667471 0.0905568361719669
4 0.846571784825709 0.024617505509187582 0.08748006784239593 0.049235011018375165
4 0.7381218769783644 0.10430727324467859 0.08920634215265544 0.10194209225699284
4 0.800584255427067 0.08291501273360599 0.08748006784239593 0.09859542138097016
4 0.866622013228983 0.07010272236759416 0.08567190637700647 0.09364103346314684
4 0.7081997608541337 0.24083185233603455 0.10038950361804452 0.10768390092934446
4 0.7754691480092635 0.23679638730371558 0.08780761646291495 0.10502628954817268
4 0.8317667356393631 0.20219786071081233 0.08764384215265544 0.10181085546457144
4 0.8946352278374471 0.20418311570205977 0.0824650192218769 0.09177084283650341
4 0.9028438755080265 0.27292123812222324 0.09356629353213641 0.09590493446705439
3 0.6913076684743359 0.5869666501937423 0.05599105042954129 0.06073214740534963
3 0.7095740688584486 0.7299386678879503 0.0639673247398008 0.06460376545105778
2 0.24264551842890736 0.7126458987740795 0.08945200361804462 0.10676524338239482
2 0.28247157903521397 0.6011229899932162 0.08764384215265535 0.1018108554645714
2 0.20021011419960733 0.911576093378074 0.09233134215265534 0.10220456584183585
2 0.1739231739014028 0.7805798973347882 0.09184001922187682 0.09255826359103181
2 0.1625485826532586 0.711300389978567 0.09348440637700661 0.09429721742525375
2 0.14734962856024414 0.6439566916452001 0.09858134215265535 0.10272951301152104
2 0.21006099050060323 0.6120486519662127 0.08863313206674706 0.09068807296438838
2 0.8969944244672297 0.5123725834215644 0.09381195499752551 0.10072808559245651
2 0.9597500941310197 0.48750241524204774 0.08049981173796042 0.09685646754674818
2 0.7995915592475102 0.6795911955273714 0.09693695499752568 0.1009905591772991
2 0.8648480670494264 0.6668445235575702 0.08723440637700648 0.09377227025556836
2 0.9273104454981288 0.6454522630464976 0.0840275192218769 0.09190207962892476
2 0.9770250039567289 0.6267504894493406 0.04594999208654223 0.0967252307543267
2 0.9576818617132166 0.7903273469000929 0.08463627657356695 0.09577369767463309
2 0.9916883695151327 0.7697225071435486 0.01662326096973459 0.09006476453502546