1 0.4941505411875463 0.5178197064989518 0.9883010823750926 0.9643605870020965
3 0.2307846509422228 0.4045220817691869 0.03990183006601846 0.06107716999088467
3 0.2237732333173154 0.4401249046424933 0.03962842799249992 0.05688429787348413
4 0.8812021903863428 0.12748500034053165 0.07734304147037037 0.0844184909251655
4 0.8789664556549077 0.19773390336928728 0.07163984561740726 0.09275544832717005
4 0.07960144269541698 0.21771293456741575 0.07578054147037024 0.08440629421696645
4 0.07386956107425965 0.2816420376495731 0.07394463939685174 0.08020122539136691
4 0.07224898100824123 0.34245697841417777 0.07720634043361099 0.08232205486646535
4 0.06777680301574132 0.39905465364498394 0.07706963939685174 0.08022561880776514
4 0.06744532087620436 0.46407466323518803 0.0812882476909258 0.09702150069376494
4 0.5416470726196307 0.7677191794202235 0.07564384043361087 0.08230985815826618
4 0.5421651909984735 0.8316970693351771 0.07706963939685174 0.08022561880776491
4 0.5415309124875939 0.8893734543658309 0.07367123732333329 0.07600835327396661
4 0.5409649844950939 0.9460016213671347 0.07367123732333329 0.07600835327396661
4 0.5414243142782885 0.986906517928187 0.06542951036759241 0.021464425623163863
4 0.3118338505648624 0.9117017496438196 0.07339783524981466 0.07181548115656619
4 0.31425622153560323 0.9688529773461437 0.06830023213953691 0.06229404530771249
4 0.31553575753935326 0.9971670608467956 0.06460930414703707 0.005665878306408711
2 0.5684486206879169 0.16489623887832067 0.06953054147037037 0.08435750738417015
2 0.5630584916586577 0.22358425181372746 0.0674212373233333 0.07595956644117026
2 0.5630687621110189 0.2833631712571811 0.07523373732333312 0.07602054998216555
2 0.5607352825633801 0.3431237956383361 0.07339783524981466 0.07181548115656619
2 0.5577866483503247 0.4123183822836421 0.07421804147037019 0.08439409750876745
2 0.32298985772842614 0.18919900313301868 0.0674212373233333 0.07595956644117026
2 0.3207930792175467 0.24686319145547356 0.07265554147037019 0.08438190080056827
2 0.3226002955228708 0.3150461501960266 0.07531164976444434 0.10116558597836912
2 0.07246784566389006 0.8185918979031066 0.0806047425071295 0.0865393204002639
2 0.07325936611625125 0.8783769157006599 0.07863213939685174 0.08023781551596408
2 0.07133598967889022 0.9318482319057143 0.07693293836009249 0.07812918274906494
2 0.06989106687018658 0.9773173013084688 0.07644492280870363 0.04536539738306226
2 0.8583377036751401 0.9096751909832931 0.07720634043361088 0.08232205486646511
2 0.8565216339767143 0.9495135744526966 0.08316381451462931 0.029984333648154466
0 0.4662252819977322 0.545843864505905 0.19206283751240605 0.8857449336766082