1 0.4921875 0.4815876288659794 0.8013437500000002 0.9631752577319588
3 0.62109375 0.4565567010309278 0.04576562499999994 0.061855670103092786
3 0.67634375 0.5117731958762887 0.046875 0.06039175257731963
0 0.49889062500000003 0.5014639175257731 0.046875 0.9234020618556702
4 0.147875 0.07216494845360824 0.06139062499999999 0.07952577319587628
4 0.143421875 0.14579381443298967 0.05915624999999998 0.0765773195876289
4 0.1484375 0.2842474226804124 0.06026562499999999 0.07952577319587628
4 0.147875 0.3571340206185567 0.05915624999999998 0.07511340206185568
4 0.84821875 0.13991752577319588 0.0625 0.08542268041237115
4 0.85546875 0.0662680412371134 0.06360937500000005 0.07657731958762887
4 0.366078125 0.9329896907216495 0.05803124999999998 0.07216494845360824
4 0.368296875 0.8637731958762886 0.05803124999999998 0.07806185567010313
4 0.37389062500000003 0.7967628865979381 0.05803124999999998 0.08247422680412371
4 0.56696875 0.654639175257732 0.05803124999999998 0.08393814432989698
4 0.56584375 0.7231134020618556 0.05803124999999998 0.07362886597938152
4 0.568078125 0.796020618556701 0.05579687500000006 0.07216494845360824
4 0.56975 0.8637731958762886 0.05915625000000002 0.07511340206185557
4 0.568640625 0.9351958762886597 0.05692187499999992 0.07657731958762884
2 0.15290625 0.6531752577319588 0.0625 0.07806185567010313
2 0.15234375 0.7238556701030928 0.06360937500000001 0.07806185567010313
2 0.15178125 0.7938144329896907 0.06026562499999999 0.08247422680412371
2 0.150109375 0.8637731958762886 0.05915625000000002 0.07511340206185557
2 0.15178125 0.9292989690721649 0.06026562499999999 0.07657731958762884
2 0.37109375 0.07362886597938144 0.05692187500000001 0.07657731958762887
2 0.37109375 0.14579381443298967 0.06139062499999994 0.08247422680412371
2 0.37053125 0.21428865979381445 0.05803124999999998 0.07216494845360824
2 0.57478125 0.0648041237113402 0.05803124999999998 0.07657731958762887
2 0.575890625 0.13771134020618558 0.05803124999999998 0.07511340206185568
2 0.571984375 0.20839175257731957 0.05692187499999992 0.07806185567010313
2 0.577015625 0.27909278350515465 0.05803124999999998 0.07216494845360824
2 0.575328125 0.3512577319587629 0.05915625000000002 0.07806185567010313
2 0.8459843749999999 0.8652371134020618 0.0602656249999999 0.07511340206185557
2 0.84765625 0.9351958762886597 0.06360937500000005 0.07070103092783497
4 0.147875 0.2135463917525773 0.05915624999999998 0.07657731958762884