1 0.4904312240445766 0.5 0.9253875519108468 1
3 0.4753383031108287 0.6649484536082474 0.05943518415851479 0.07216494845360824
3 0.41957415052234504 0.7247422680412371 0.05796368942018652 0.07422680412371134
0 0.4771954766754126 0.49896907216494846 0.7040181840173403 0.26804123711340205
4 0.8881153790521346 0.14536082474226805 0.0758792315135615 0.09072164948453608
4 0.8350736790380171 0.12577319587628866 0.07082771046687383 0.08247422680412371
4 0.7331772500705872 0.0979381443298969 0.07597023677523325 0.09278350515463918
4 0.679999042163962 0.08144329896907217 0.07110072625188942 0.088659793814433
4 0.6430817270283484 0.988659793814433 0.07756355787839038 0.02268041237113402
4 0.1999636606927529 0.2309278350515464 0.06962923151356137 0.09072164948453608
4 0.24997136596854216 0.24845360824742269 0.07440773677523324 0.09278350515463918
4 0.2974078080901519 0.2711340206185567 0.07753273677523324 0.09278350515463918
4 0.3459685925027804 0.5515463917525774 0.07909523677523325 0.09278350515463918
4 0.29752338722699107 0.534020618556701 0.07119173151356133 0.09072164948453608
4 0.2434274214278581 0.520618556701031 0.0695382262518895 0.088659793814433
4 0.19323770562872514 0.5072164948453608 0.0728452367752332 0.09278350515463918
4 0.1416219977220999 0.49072164948453606 0.0726632262518895 0.088659793814433
2 0.46256091318241455 0.03402061855670103 0.07487817363517095 0.06804123711340206
2 0.41136243422910185 0.02577319587628866 0.07415013154179632 0.05154639175257732
2 0.3602094579066252 0.016494845360824743 0.07645608418674961 0.032989690721649485
2 0.8255566529414196 0.4298969072164949 0.07266322625188977 0.088659793814433
2 0.7723329424039583 0.4144329896907217 0.07927724729857673 0.09690721649484536
2 0.7222797344973332 0.3979381443298969 0.06962923151356133 0.09072164948453608
2 0.7740642294474227 0.6938144329896907 0.0727542315135615 0.09072164948453608
2 0.7200592689099616 0.6783505154639176 0.07119173151356133 0.09072164948453608
2 0.6701880715266801 0.6577319587628866 0.07431673151356133 0.09072164948453608
2 0.6166458425733675 0.6494845360824743 0.06962923151356133 0.09072164948453608
2 0.5651666425592501 0.6298969072164948 0.07606124203690498 0.09484536082474226
2 0.11425804799033115 0.8628865979381444 0.07293624203690507 0.09484536082474226
2 0.0633325848220341 0.8484536082474227 0.06999325256024876 0.09896907216494845
4 0.7848384606080483 0.1134020618556701 0.07266322625188941 0.088659793814433