0 0.490234375 0.5348741418764302 0.0546875 0.8695652173913043
1 0.498046875 0.534187643020595 0.958984375 0.8995881006864989
3 0.477046875 0.5062929061784897 0.024421874999999992 0.04862700228832952
3 0.499515625 0.5019908466819222 0.026374999999999992 0.060068649885583525
4 0.42871875 0.16375286041189932 0.07421875 0.07581235697940503
4 0.4296875 0.2417162471395881 0.076171875 0.07723112128146453
4 0.4296875 0.30892448512585813 0.072265625 0.08009153318077804
4 0.42821875 0.38615560640732266 0.07128125 0.08295194508009153
4 0.426765625 0.4712585812356979 0.078125 0.10439359267734555
4 0.6225625 0.16590389016018306 0.071296875 0.07723112128146453
4 0.62646875 0.24384439359267734 0.07715625 0.08439359267734553
4 0.626953125 0.32036613272311215 0.08203125 0.10583524027459955
4 0.923828125 0.7151029748283753 0.080078125 0.09153318077803203
4 0.9233437500000001 0.7866132723112128 0.08106250000000018 0.09439359267734554
4 0.922859375 0.8652860411899314 0.0859375 0.09153318077803203
4 0.9223593749999999 0.9332036613272311 0.07520312500000018 0.07581235697940503
4 0.9252968750000001 0.9761098398169337 0.07520312500000018 0.024324942791762002
4 0.062015625 0.9139130434782609 0.079109375 0.07437070938215103
4 0.06493750000000001 0.9610983981693364 0.0810625 0.017162471395881007
2 0.069328125 0.1566132723112128 0.078125 0.09869565217391303
2 0.0703125 0.2388558352402746 0.078125 0.08295194508009153
2 0.427734375 0.717254004576659 0.072265625 0.07867276887871852
2 0.430671875 0.7901830663615561 0.072265625 0.07867276887871852
2 0.426765625 0.8602745995423341 0.072265625 0.07867276887871852
2 0.4248125 0.9310755148741419 0.07421875 0.07151029748283753
2 0.4243125 0.9711212814645309 0.06934375 0.02002288329519451
2 0.625484375 0.8595652173913043 0.0810625 0.07151029748283753
2 0.62646875 0.9324942791762014 0.075203125 0.06864988558352403
2 0.626953125 0.9725400457665904 0.068359375 0.011441647597254004
2 0.92090625 0.1566132723112128 0.091796875 0.08153318077803202
2 0.92090625 0.23313501144164758 0.080078125 0.06864988558352403
2 0.916015625 0.30249427917620136 0.080078125 0.07295194508009152
2 0.922859375 0.3639816933638444 0.080078125 0.08439359267734553
2 0.9194375000000001 0.44265446224256294 0.09082812500000018 0.09583524027459953