0 0.5485973236596425 0.446094722975243 0.6002852651468469 0.14180174807056917
1 0.5485264686806207 0.4919649400183896 0.6783029373612415 0.9839298800367792
3 0.5296221807132568 0.428023074146307 0.03470688672260831 0.03913172394723997
3 0.5273735190955392 0.46035950308957385 0.04263778589277134 0.04201968480860203
4 0.2920620585127956 0.3692930123678509 0.05892655933798814 0.11620563957808554
4 0.3453054576829586 0.3675038487623053 0.06060745850815117 0.1186138953659186
4 0.39145840726804015 0.36511018860475447 0.061814760997662165 0.11186883307594844
4 0.4437429576829587 0.35994849385422384 0.06337726099766208 0.1119887593443307
4 0.5023367076829587 0.3554512587898897 0.0794758576783142 0.12234134010595642
4 0.3043998056130105 0.6532257621823236 0.06025226099766208 0.11174890680756619
4 0.3578800031234996 0.6560132576156796 0.06529495850815117 0.11897367417106534
4 0.41034215229366267 0.6542840571443252 0.07971265601864026 0.12691799914485802
2 0.6705422560232848 0.34713584397769987 0.06025226099766208 0.11174890680756619
2 0.7208382539486922 0.3490190271880951 0.06025226099766208 0.11174890680756619
2 0.7683169051934476 0.3419287817232604 0.06025226099766208 0.11174890680756619
2 0.8166952056083663 0.3370669026436854 0.05580155933798814 0.11596578704132103
2 0.8439797560232847 0.33382402818727075 0.02083456348717334 0.10188576153965775
2 0.7786660998041517 0.6329064094986588 0.05627515601864026 0.12511910511912425
2 0.8288436985593963 0.6325012631896032 0.05423905933798814 0.11584586077293879
2 0.8562466481444778 0.6315467182526392 0.014584563487172986 0.10140605646612876