0 0.498578125 0.498578125 0.04545312500000005 0.681828125
1 0.501421875 0.498578125 0.71590625 0.7130625
3 0.500703125 0.512078125 0.03835937499999993 0.04118750000000002
3 0.31462500000000004 0.511359375 0.03551562500000003 0.034093750000000075
3 0.33309375 0.5568125 0.03551562500000003 0.03693749999999998
3 0.719453125 0.512078125 0.03267187499999995 0.03267187499999995
3 0.693890625 0.555390625 0.02982812500000005 0.02840624999999992
4 0.1875 0.173296875 0.06534374999999999 0.0625
4 0.1875 0.22868750000000002 0.06818749999999998 0.05965625000000001
4 0.186796875 0.28337500000000004 0.05823437500000002 0.055390624999999985
4 0.1875 0.33806250000000004 0.06534374999999999 0.05681250000000002
4 0.188203125 0.39346875 0.06392187499999999 0.06534375000000008
4 0.39773437500000003 0.7088125 0.059656249999999925 0.059656249999999925
4 0.39914062499999997 0.764921875 0.059656249999999925 0.05256249999999998
4 0.40270312500000005 0.8203125 0.06392187499999995 0.05823437499999997
4 0.549 0.59871875 0.06107812500000005 0.06107812500000005
4 0.548296875 0.654125 0.059656249999999925 0.05256249999999998
4 0.551140625 0.709515625 0.06534375000000008 0.05823437499999997
4 0.54971875 0.76278125 0.059656249999999925 0.05681250000000002
4 0.549 0.8203125 0.05823437499999997 0.05539062500000007
4 0.826 0.173296875 0.05256250000000016 0.05681250000000002
4 0.826 0.230109375 0.05823437499999997 0.0625
2 0.186078125 0.598015625 0.05681250000000002 0.059656249999999925
2 0.1875 0.654828125 0.0625 0.06534375000000008
2 0.186078125 0.707390625 0.06534374999999999 0.05681250000000002
2 0.188203125 0.766328125 0.061078125000000004 0.05823437499999997
2 0.186796875 0.8181875 0.061078125000000004 0.0596562500000001
2 0.40128125 0.173296875 0.05256249999999998 0.05965625000000001
2 0.39914062499999997 0.22868750000000002 0.059656249999999925 0.05114062500000003
2 0.39914062499999997 0.28409375 0.05681250000000002 0.05681250000000002
2 0.548296875 0.394890625 0.05681250000000002 0.053984375000000015
2 0.548296875 0.33806250000000004 0.05398437499999993 0.053984375000000015
2 0.551140625 0.28337500000000004 0.05398437499999993 0.05823437499999997
2 0.551140625 0.22585937500000003 0.05398437499999993 0.05114062500000003
2 0.55184375 0.171171875 0.05539062500000007 0.05823437500000002
2 0.826 0.76278125 0.05823437499999997 0.05681250000000002
2 0.826 0.8203125 0.06107812499999987 0.05539062500000007