0 0.497078125 0.5157238307349666 0.0859375 0.9089755011135857
3 0.24121874999999998 0.4851002227171492 0.0625 0.07935412026726057
3 0.396 0.6159465478841871 0.053718749999999996 0.07657015590200444
1 0.49853125 0.5087750556792873 0.973640625 0.9674387527839644
4 0.507328125 0.39601336302895324 0.08496875 0.09605790645879732
4 0.498046875 0.4760579064587973 0.078125 0.08630289532293986
2 0.485359375 0.5839420935412026 0.087890625 0.10719376391982181
2 0.08251562500000001 0.14545657015590202 0.08496875 0.07933184855233855
2 0.08349999999999999 0.21367483296213807 0.090828125 0.07657015590200444
2 0.07470312500000001 0.2742316258351893 0.0810625 0.08908685968819599
2 0.07715625 0.3549665924276169 0.083984375 0.09465478841870824
2 0.355953125 0.8546770601336303 0.088875 0.0779510022271715
2 0.3564375 0.9228730512249443 0.08203125 0.0779510022271715
2 0.351078125 0.9625612472160356 0.06934375 0.026458797327394198
2 0.557125 0.8574610244988864 0.075203125 0.08073496659242761
2 0.552734375 0.926369710467706 0.076171875 0.07378619153674831
2 0.5493125 0.9730066815144766 0.067390625 0.022271714922048998
2 0.8515625 0.14338530066815144 0.08203125 0.08908685968819599
2 0.8520468749999999 0.21924276169265033 0.08692187500000018 0.07935412026726057
2 0.853515625 0.29093541202672607 0.080078125 0.09465478841870824
2 0.93065625 0.15730512249443207 0.07421875 0.10300668151447662
4 0.646484375 0.16008908685968817 0.0859375 0.10300668151447662
4 0.5625 0.1447661469933185 0.076171875 0.07238307349665925
4 0.557125 0.20670378619153676 0.067375 0.0848997772828508
4 0.5654375 0.27979955456570155 0.07421875 0.09465478841870824
4 0.287109375 0.1447661469933185 0.07421875 0.08351893095768374
4 0.28515625 0.21783964365256125 0.07421875 0.08770601336302894
4 0.35790625 0.2923162583518931 0.075203125 0.08908685968819599
4 0.363765625 0.14616926503340757 0.075203125 0.08073496659242761
4 0.357421875 0.212271714922049 0.076171875 0.09048997772828507
4 0.06592187499999999 0.859554565701559 0.079109375 0.09048997772828507
4 0.07568749999999999 0.9208017817371937 0.075203125 0.07935412026726057
4 0.06348437500000001 0.9646547884187082 0.072265625 0.02505567928730512
4 0.9248125 0.9688195991091314 0.064453125 0.02783964365256125