1 0.5 0.5 1 1
3 0.6615594849168629 0.471510792125664 0.03710651609154354 0.08532677530508341
3 0.6915419158591123 0.5244997643425181 0.04368429802252862 0.09577367036800476
0 0.5303969662274295 0.461675091027127 0.1957480866619033 0.923350182054254
2 0.9641194432630087 0.5233182992135972 0.07176111347398262 0.15578718171009315
2 0.9693669950563215 0.422402054979871 0.061266009887356886 0.12223675960275311
2 0.9709623460450573 0.33849008285824644 0.05807530790988551 0.1380193727365531
2 0.9750107076774546 0.24779167262900997 0.04997858464509086 0.1271143555567687
2 0.6466714482943006 0.8479536629439774 0.08718292574646931 0.1392410317148546
2 0.6361381398802118 0.908191715364902 0.08499771287323465 0.0736672612230517
2 0.4536266526175606 0.5822902218107331 0.08227690445914604 0.13222553254881114
2 0.4464204399964274 0.6718074098945376 0.08205838317182242 0.1256681554996308
2 0.43826908640980167 0.7564829188776007 0.08060514381548423 0.12879413665193346
2 0.4310082434668375 0.8443607626991101 0.08071440445914604 0.1320728251765234
4 0.06836649581262609 0.6873747648921813 0.08885468639013114 0.1426724276117325
4 0.47686242080279084 0.315225294449327 0.08605746832111638 0.15220307844092773
4 0.4853033514929388 0.21571933341946437 0.08049588317182241 0.12551544812734328
4 0.4933454444359029 0.12776513591181113 0.07580838317182241 0.12505732601048014
4 0.5021687873788668 0.052027649678918444 0.07904264381548423 0.10405529935783689
4 0.5064520957929556 0.006678444564300211 0.0785291915859112 0.013356889128600422
4 0.696606838251387 0.22960642135496534 0.09721348960843983 0.15982940709612187
4 0.7090086492633658 0.13135803615667851 0.08852690445914604 0.1328363620379621
4 0.7192141757464694 0.06128391816198346 0.08452781930985206 0.10630143909666537
4 0.949594352501345 0.7887438823127082 0.08718292574646931 0.1392410317148546
4 0.9412791079492265 0.868501358508886 0.084090776735205 0.0931866849983046