1 0.48502177811666636 0.4972320636939027 0.8862064437666672 0.9944641273878054
3 0.5664549224933332 0.34653512503485767 0.02881598423243048 0.04220558878121494
3 0.6017202752668748 0.33700730572500553 0.03201371941479181 0.04666361716431287
0 0.4891098660725691 0.4431839799916499 0.7073072729857641 0.3051397195303744
2 0.4804979322769789 0.4450268913785026 0.0783445119678472 0.1092216953859
2 0.8229627616835069 0.08446599976636407 0.0736570119678472 0.1087846528112531
2 0.8821195561364235 0.0914301271541695 0.07045927678548622 0.10432662442815512
2 0.8642222348980205 0.17837644283210044 0.07830814437666689 0.10713836205256667
2 0.714364439210833 0.4076226030752634 0.07667290919430556 0.10282601452768438
2 0.7735030498681594 0.4156283971297354 0.07042290919430556 0.10224329109482184
2 0.8287899619122566 0.42087339332974666 0.06886040919430556 0.10209761023660609
2 0.718903202794201 0.639113025021744 0.07674564437666671 0.10699268119435104
2 0.7619057075438536 0.8118987730377157 0.07681837955902786 0.11115934786101771
2 0.7903963430868052 0.6542867055438243 0.0736570119678472 0.1087846528112531
2 0.7491550536678815 0.5593345958114212 0.07667290919430556 0.10282601452768438
2 0.8066220615516663 0.573736070724109 0.0719126740119446 0.09822230528637069
2 0.08736030243361056 0.8487912371202085 0.06726154160312507 0.09986859604505724
2 0.14490004549975638 0.8590260453662296 0.07674564437666671 0.10699268119435104
4 0.8302674218277429 0.029554468036230675 0.07300239532659739 0.05910893607246135
4 0.19596385058934013 0.1678840239108384 0.07038654160312507 0.10015995776148845
4 0.2382409631465276 0.24817995988080027 0.06718880642076393 0.09570192937839046
4 0.18288131592006926 0.24710163034745575 0.0641729091943056 0.1016605676619592
4 0.17294196504638867 0.3249862084009751 0.06718880642076393 0.09570192937839046
4 0.2243226270904859 0.33059540674652543 0.0641001740119445 0.09749390099529252
4 0.2787737377478123 0.33903824337564453 0.0703501740119445 0.09807662442815518
4 0.1404898749062844 0.5308063042779646 0.06417290919430566 0.10166056766195908
4 0.18838186103857604 0.5575401976732796 0.06726154160312507 0.09986859604505724
4 0.1150151365897912 0.6943770100554248 0.07205814437666672 0.10655563861970402
4 0.16459690929121482 0.7136735559258575 0.07365701196784728 0.1087846528112531
4 0.6234776807583675 0.9225625147982515 0.07249324905006951 0.042117986144586436