0 0.5046086693052819 0.47074278419368515 0.7953771742752516 0.3879682110863866
3 0.5554217355620605 0.46092532603010244 0.09432269262201594 0.12480088067355183
3 0.6415410427436529 0.4177509338403529 0.07228406615858277 0.0894542600887168
3 0.49281265125310514 0.48752213956089796 0.07073065651766246 0.09124216993912616
3 0.43503651268942356 0.4836336260391481 0.06916815651766228 0.09114328733670532
3 0.37711947356000797 0.508990395536266 0.07386474687674198 0.09332672759679803
1 0.5 0.5 1 1
4 0.9012245940715129 0.4994001880844541 0.07548178903121965 0.1047463649162
4 0.8456922115579555 0.516118067640205 0.07391019867214013 0.10276068986094897
4 0.7807575579671593 0.5390896201689714 0.08017837939029952 0.10692980517629269
4 0.8516341811109427 0.2554440613423764 0.07705337939029917 0.10673203997145102
4 0.7937535034178456 0.27325366102817367 0.07705337939029935 0.10673203997145102
4 0.7390114612633678 0.2880353068298839 0.07702610831306042 0.10107166261296045
4 0.6857591962362533 0.3178124096518148 0.0754545179539809 0.09908598755770942
4 0.6286324974659172 0.34123294539489224 0.08017837939029934 0.10692980517629269
4 0.10843869301479936 0.18741784047205118 0.08020565046753818 0.11259018253478316
4 0.04749664783525957 0.19221765819287873 0.07861587939029936 0.10683092257387186
4 0.46251505543307647 0.9402454226308882 0.07529089149054773 0.06512372340676603
4 0.40855426327859873 0.9549776271313879 0.07674430718159239 0.0425810965752246
4 0.3530491518422803 0.9660351293286482 0.08135908430895541 0.027783404759845608
2 0.9553979679026672 0.7647577802268164 0.08016928903121964 0.1050430127234625
2 0.9029542239527915 0.7888250643890463 0.0738829275949012 0.0971003125024584
2 0.8497383203619953 0.8110549973996566 0.07543633723582169 0.09531240265204884
2 0.7973173023098186 0.8304053004298111 0.07074883723582168 0.09501575484478654
2 0.7394138987190224 0.8529318812476837 0.07387383723582168 0.09521352004962821
2 0.292503058163551 0.7265447657091768 0.08172269867214013 0.10325510287305294
2 0.235376359393215 0.7499653014522542 0.07546360831306051 0.1009727800105394
2 0.18371841062287902 0.7730397480868586 0.07703519867214012 0.10295845506579064
2 0.3524194554096354 0.4483083662316031 0.07547269867214013 0.10285957246336981
2 0.2976728680756179 0.46403340825972844 0.07704428903121974 0.10484524751862083
2 0.23979219038252073 0.4818430079455257 0.07858860831306051 0.10117054521538119
2 0.1834194705349459 0.5108744797458832 0.0754545179539809 0.09908598755770942
2 0.1278643621236895 0.5323093404337096 0.07858860831306051 0.1011705452153813