1 0.46953125 0.49699174946136876 0.9390625 0.9939834989227375
4 0.6273299107693031 0.9146708046513963 0.07040758838228242 0.03504320425296518
4 0.5735304045455258 0.9054218504103875 0.0784335759347277 0.06557411488950786
4 0.5166767533007703 0.9083689996102735 0.07722627344521663 0.0713876023698143
4 0.456272049566504 0.9057465735356878 0.08141686597668389 0.08964110549685057
4 0.23579914189747853 0.5525460830970205 0.08271925684847722 0.11155345609446037
4 0.17917063359910876 0.5386422654491833 0.07947585767831425 0.10923620794750355
4 0.12363102862008687 0.5325439671541629 0.08248245850815117 0.10756939234944023
4 0.8336394489603816 0.03830768753352306 0.07696616431700995 0.07661537506704612
4 0.8913452051841588 0.042190244480064996 0.07528526514684727 0.08438048896012999
4 0.3972246618182103 0.3447046262263713 0.0860810551888033 0.1158627361139267
4 0.34030015559443305 0.3357808882598091 0.0860810551888033 0.1158627361139267
4 0.28535254646622626 0.31972243060223876 0.0810383576783142 0.10939881608472697
4 0.22920929024244896 0.310717388567065 0.0806831601678251 0.1034227204671971
4 0.17089988277391616 0.2989682109289612 0.08392655933798818 0.10573996861415369
3 0.4438699057949257 0.683330006206247 0.05918666846619498 0.08138849595819449
3 0.5593256105780993 0.08631026881255317 0.050308575934727706 0.0626471684194882
3 0.40106709915622984 0.67194677906842 0.06266686597668389 0.087689807850171
3 0.5441616292494312 0.1324318510418138 0.05894987012586892 0.07740443221317445
2 0.5759999346387271 0.38054165473387935 0.07900226099766208 0.1012680804574637
2 0.637671140447586 0.38798155235251663 0.07743976099766207 0.1011054723202405
2 0.6947732454266078 0.39391724251031385 0.07912066016782511 0.10326011232997377
2 0.7491172033100592 0.4070689564277309 0.07443316016782511 0.10277228791830383
2 0.8043016107785919 0.4191433503402813 0.07587726099766208 0.10094286418301718
2 0.7558729983263929 0.6330427000462183 0.08451855518880329 0.1157001279767035
2 0.7020734921026156 0.6237937458052094 0.0826008576783142 0.10956142422195041
2 0.6402246875385122 0.6193418959953371 0.08236405933798814 0.10557736047693049
2 0.2850841337996014 0.8859474711897862 0.0872883576783142 0.11004924863362024
2 0.22605267591615014 0.8732835816840392 0.0794758576783142 0.10923620794750355
2 0.1683469196923728 0.8644411477860887 0.08283765601864027 0.11354548796697032
2 0.1114224134685955 0.8555174098195264 0.08932445435896633 0.11817998426088351
2 0.052935407244818176 0.8467562799901875 0.08584425684847725 0.11187867236890678
0 0.47345435248022216 0.4337772607751355 0.7140661904615193 0.33563404451013523