0 0.49645312500000005 0.503228346456693 0.09801562500000002 0.8575590551181101
1 0.4971562499999999 0.5003622047244095 0.928984375 0.9176850393700787
3 0.49645312500000005 0.513244094488189 0.06392187499999995 0.06442519685039365
3 0.51775 0.565496062992126 0.05256249999999998 0.0515433070866142
2 0.12073437499999999 0.3378740157480315 0.07670312500000001 0.06585826771653543
2 0.124296875 0.2805984251968504 0.08096874999999999 0.057259842519685064
2 0.125 0.2219055118110236 0.07385937500000002 0.06299212598425197
2 0.12357812500000001 0.16248818897637796 0.07385937500000002 0.06155905511811024
2 0.12784374999999998 0.10593700787401575 0.07385937500000002 0.06872440944881893
4 0.36506249999999996 0.11811023622047244 0.06818749999999998 0.06729133858267715
4 0.36150000000000004 0.17823622047244095 0.07243750000000002 0.06155905511811029
4 0.36506249999999996 0.23622047244094488 0.06818749999999998 0.06585826771653543
4 0.11434375000000001 0.6263464566929134 0.06676562499999998 0.07015748031496055
4 0.11221874999999999 0.690771653543307 0.06818749999999998 0.06729133858267719
4 0.11364062500000001 0.7566141732283465 0.07101562500000003 0.06155905511811029
4 0.10582812500000001 0.8095905511811025 0.078125 0.061559055118110106
4 0.10582812500000001 0.8725826771653544 0.07528125000000001 0.06729133858267719
4 0.875 0.82748031496063 0.07101562500000007 0.06872440944881905
4 0.87784375 0.889763779527559 0.07385937499999998 0.07300787401574788
4 0.581671875 0.35933858267716534 0.06960937499999993 0.06585826771653543
4 0.585234375 0.2977795275590551 0.07101562500000007 0.057259842519685064
4 0.586640625 0.24338582677165357 0.0625 0.06585826771653543
4 0.591625 0.18467716535433074 0.06676562500000002 0.06585826771653543
4 0.593046875 0.12598425196850394 0.07243750000000002 0.057259842519685064
2 0.36648437500000003 0.7444566929133859 0.0625 0.06872440944881887
2 0.362921875 0.8088818897637795 0.07528125000000001 0.06585826771653533
2 0.375 0.8711496062992126 0.07101562500000007 0.06729133858267719
2 0.57315625 0.643527559055118 0.06392187499999995 0.06442519685039365
2 0.571015625 0.701496062992126 0.06534375000000008 0.06585826771653551
2 0.5681875 0.7566141732283465 0.06534375000000008 0.06155905511811029
2 0.569609375 0.811732283464567 0.06818749999999998 0.06299212598425197
2 0.569609375 0.8661417322834646 0.06818749999999998 0.06872440944881905
2 0.890625 0.13171653543307088 0.07101562500000007 0.060125984251968516
2 0.88778125 0.18754330708661418 0.07385937499999998 0.06585826771653543