3 0.6471038216195317 0.48366702380481624 0.03773634933607006 0.04403153593046208
3 0.6952373154712117 0.5720543229386673 0.03614657825883114 0.03900244415558177
1 0.5 0.5 1 1
4 0.8344568132317166 0.030535007786113653 0.09078862646343318 0.031687322943061036
4 0.8479607770291672 0.07161562120593007 0.09115224082661796 0.0983539896097277
4 0.061148140901372584 0.4694242748913469 0.0927056504675382 0.09671641471794146
4 0.04746236992232959 0.3950103281381972 0.09116133118569744 0.10002065627639439
4 0.03924534894328661 0.3206982025971287 0.07550906010845859 0.09472973852759073
4 0.031051053861942658 0.2505527437227269 0.05992042154477706 0.10110548744545383
4 0.022025511805660817 0.1712260722942182 0.042687469749378974 0.09245214458843644
4 0.6004611466569092 0.6686130580042986 0.09586701190385653 0.10344126493436874
4 0.6133656676359521 0.7430124588700081 0.09427724082661797 0.09841217315948844
4 0.6286048482559156 0.8157888307313715 0.09740224082661779 0.09847035670924925
4 0.6446207336963392 0.8877464151468418 0.0911431504675381 0.09668732294306097
4 0.6637343480595238 0.9547621831120727 0.09262383723582168 0.08171641471794146
4 0.4343099475919856 0.8555002380920999 0.0958397408266178 0.09844126493436875
4 0.45111617339148874 0.9291390350616768 0.09423178903121965 0.09007883982615492
4 0.46078206488203655 0.9779776891759941 0.0924693011314682 0.04404462164801164
2 0.9778129452542945 0.8090011467461199 0.04437410949141096 0.09256851168795796
2 0.9866157735131257 0.8783278181746285 0.02676845297374868 0.07724850216427398
2 0.31234196047780094 0.26328926320119217 0.09427724082661779 0.09841217315948844
2 0.2955402798578376 0.19048379956494838 0.08956246974937895 0.09332489783484732
2 0.28265393959695384 0.11941773203257214 0.08958065046753827 0.09665823116818065
2 0.47927440954272454 0.07641662900083114 0.08959883118569749 0.09999156450151399
2 0.4937459757013073 0.1516784549747544 0.08956246974937905 0.09332489783484732
2 0.5073999304235717 0.22025906839457085 0.09111587939029935 0.09168732294306106
2 0.521857861043535 0.2930208943684941 0.09112496974937905 0.09335398960972772
2 0.5370924964839585 0.3649639328965242 0.09586701190385671 0.10344126493436874
2 0.12136451999708435 0.7680152164493605 0.09427724082661779 0.09841217315948844
2 0.13661733615566712 0.843291588310724 0.09427724082661784 0.09841217315948844
2 0.14951731195517032 0.9168576558431003 0.0958397408266178 0.09844126493436875
2 0.1638843389843375 0.971032758008253 0.09563975292686626 0.05793448398349407
0 0.5027771046988232 0.5184760346283827 0.24427127575262092 0.9594510415566955