1 0.47237917405869406 0.4972444322400782 0.8708666518826119 0.9944888644801564
0 0.47398717668953 0.46594112338887483 0.7117859104104042 0.20165854852510234
3 0.356046331697088 0.1335618875331209 0.04280912628012441 0.05032262353444263
3 0.3641094606786355 0.17852091418919275 0.04620714206513989 0.056482971864930905
4 0.8621290027014231 0.041392735099194604 0.08065773677523325 0.08278547019838921
4 0.8025187842714543 0.035927949000737834 0.07882222099021767 0.07185589800147567
4 0.7396925605798135 0.03307330124375685 0.07882222099021767 0.0661466024875137
4 0.6799003316265008 0.032072800859585776 0.07744173151356151 0.06414560171917155
4 0.6209803579348601 0.02867012951204622 0.08203822625188942 0.05734025902409244
4 0.1745317502117615 0.27026005255165686 0.0843287683452643 0.10649364433221256
4 0.2366222265342382 0.27502927641808217 0.08102175782192056 0.10231742298585127
4 0.2971047002258789 0.28089454746562464 0.08423776308359247 0.10450951734808557
4 0.13811058987194444 0.5209317280844518 0.07807876834526431 0.10607770957599792
4 0.202635821456093 0.5235608494331696 0.08093075256024881 0.10033329600172429
4 0.26537103988606187 0.5312542719312586 0.07624325256024882 0.10002134493456331
4 0.3235097635777026 0.5372755185123815 0.07606124203690508 0.09605309096630935
4 0.38486449253101523 0.5411046707312702 0.0777147472985769 0.09814120163948999
4 0.6726859270424658 0.9225095819624684 0.07773015785015538 0.06451502659838469
4 0.7350039165191221 0.9223184883685762 0.07424113680346807 0.05637055128376966
2 0.21388819475244558 0.014958254901801929 0.07847361049510884 0.029916509803603858
2 0.2754704368599378 0.015802779752392516 0.07405912628012441 0.03160555950478503
2 0.46067989476656307 0.025488766126716023 0.07551521046687384 0.050977532253432045
2 0.39840740792074264 0.02260812244747163 0.0750601841585147 0.04521624489494326
2 0.33930542370575817 0.018631431587110087 0.07451415258848364 0.03726286317422017
2 0.6997067844832158 0.31641078015620155 0.07606124203690498 0.09605309096630935
2 0.7610160108056924 0.32123199586715373 0.07597023677523325 0.09406896398218235
2 0.8237967318664972 0.32793335487317915 0.08083974729857672 0.0983491690175973
2 0.7907735873116957 0.5724446820754858 0.08276626834526439 0.10638966064315868
2 0.7249588715125628 0.5639671634634408 0.07789675782192056 0.10210945560774395
2 0.6651211399284142 0.5610260910475618 0.0812037683452644 0.10628567695410523
2 0.6022949162367734 0.5553167955336 0.07633425782192056 0.10200547191869007
2 0.5433294399142967 0.5503396042890674 0.0858912683452644 0.10659762802126599
2 0.14917210330847275 0.8910838312052956 0.0794592578219206 0.10221343929679762
2 0.08786287698599607 0.8862626154943435 0.0763342578219206 0.10200547191869029