1 0.4956240338648583 0.5005274913401364 0.9775019322702834 0.9989450173197272
0 0.49794505796715927 0.5463040158416734 0.928624969749379 0.16718545270168816
3 0.4573620063447118 0.2576061310405026 0.07073065651766246 0.0802476863002821
3 0.4529966932111911 0.33885964766051024 0.06604315651766246 0.07985206779517982
3 0.4617656216898551 0.864081327202749 0.0691954275949012 0.0849623401211448
2 0.0971880965073997 0.09144075978252247 0.08170451795398088 0.0876328316867162
4 0.10663529849918951 0.2183076262635559 0.07856133723582163 0.08413806824605033
4 0.1761665484991895 0.22417596742257292 0.07859769867214013 0.0906001037872458
4 0.07799058538910993 0.7250170233546371 0.07854315651766242 0.08090705047545259
4 0.8916915545493136 0.3023443236064744 0.06759656615858275 0.07836843174491505
4 0.837398443407583 0.5054535389762199 0.07076701795398108 0.08670972184147768
4 0.8982904916121847 0.518674123969044 0.06757838544042372 0.07513741397431722
4 0.7150865852909141 0.7117115848911263 0.07547269867214013 0.0903363581171776
4 0.7767916997522946 0.7193438252029213 0.06918633723582168 0.08334683123584576
4 0.8817781398402278 0.9528669130417824 0.0816772468767418 0.08278630503081946
4 0.8346314708295335 0.7193765934432861 0.06920451795398072 0.0865778490064435
4 0.8971041997522946 0.7294980335005463 0.07227497579950323 0.07714854136471846
2 0.7784426416869394 0.14812956141473693 0.07233860831306042 0.08845710356181051
2 0.8424642350710811 0.1608061376349796 0.06760565651766229 0.07998394063021391
2 0.9088704850710811 0.16641073312392846 0.07385565651766228 0.08051143197035025
2 0.9045319221339522 0.3818174236412593 0.07073974687674181 0.08186319518558098
2 0.08673082289607806 0.42189478067610314 0.07237496974937896 0.09491913910300603
2 0.15078423253699844 0.4289170757977998 0.06762383723582169 0.08321495840081157
2 0.21329786807561785 0.4317687258712152 0.06761474687674207 0.08159944951551269
2 0.07419848575845227 0.5654937796475963 0.07698065651766242 0.0807751776404184
2 0.0809105314289714 0.9006294194971496 0.07854315651766242 0.08090705047545259
2 0.14436904343102394 0.8744678460527023 0.07229315651766241 0.08037955913531585
2 0.20530654343102395 0.879610886619032 0.06448974687674207 0.08133570384544468
2 0.26851507055838697 0.8978758075203036 0.07228406615858277 0.07876405025001734
2 0.832628088414172 0.7975969015452471 0.07073065651766228 0.0802476863002822
2 0.8958866125164728 0.806976523577375 0.0675692950813442 0.07352190508901853