1 0.49006249999999996 0.5018836140888209 0.957390625 0.9424961715160797
0 0.48650000000000004 0.4998009188361409 0.06676562500000002 0.913261868300153
3 0.49645312500000005 0.49770290964777947 0.03551562500000003 0.03759571209800912
3 0.49289062499999997 0.5728790199081163 0.034093750000000075 0.03759571209800912
4 0.05753125 0.07796324655436447 0.0724375 0.07238897396630936
4 0.05753125 0.14617151607963247 0.07528125 0.07238897396630936
4 0.0568125 0.21300153139356814 0.07385937500000002 0.06960183767228176
4 0.0568125 0.2833078101071976 0.07385937500000002 0.07099540581929557
4 0.05965625 0.3675344563552833 0.07670312500000001 0.08075038284839206
4 0.33523437500000003 0.7858805513016844 0.07385937499999998 0.07378254211332322
4 0.34090625 0.8547932618683001 0.07385937499999998 0.06960183767228184
4 0.340203125 0.9237059724349157 0.07243750000000002 0.0709954058192954
4 0.90340625 0.1566156202143951 0.07385937499999998 0.07099540581929553
4 0.91975 0.08143950995405819 0.0752812500000001 0.07378254211332311
4 0.55965625 0.649448698315467 0.07954687499999995 0.07378254211332305
4 0.558953125 0.7190658499234304 0.07243750000000002 0.06543644716692193
4 0.5568125 0.7865849923430321 0.07101562500000007 0.07238897396630932
4 0.560375 0.854104134762634 0.078125 0.06543644716692193
4 0.555390625 0.9237059724349157 0.07101562500000007 0.07378254211332322
2 0.34304687500000003 0.07656967840735068 0.07528125000000001 0.07796324655436447
2 0.340203125 0.14895865237366002 0.07243750000000002 0.0696018376722818
2 0.340203125 0.2171822358346095 0.08096874999999999 0.08353751914241962
2 0.053984374999999994 0.6522358346094946 0.07670312500000001 0.07656967840735068
2 0.055390625000000006 0.7253292496171516 0.08239062499999998 0.07517611026033695
2 0.05753125 0.7886676875957122 0.08096875 0.0709954058192954
2 0.051140624999999995 0.8554977029096478 0.07954687499999999 0.07656967840735068
2 0.0546875 0.9258039816232772 0.078125 0.07517611026033678
2 0.90625 0.8373966309341502 0.07670312499999987 0.08214395099540597
2 0.9076718749999999 0.918147013782542 0.08523437499999993 0.07935681470137816
2 0.563203125 0.3529096477794793 0.09232812500000005 0.08214395099540579
2 0.561796875 0.2819142419601838 0.08096875000000008 0.07378254211332314
2 0.576 0.2137059724349158 0.078125 0.07099540581929557
2 0.579546875 0.14339969372128636 0.07954687499999995 0.07517611026033691
2 0.560375 0.07725880551301685 0.078125 0.07378254211332314