1 0.50078125 0.4999812598563965 0.9984375 0.999962519712793
0 0.5134896473597456 0.47841943291937694 0.9072718413771451 0.14404685882369014
2 0.9509773007099408 0.8829160593052773 0.08263393992586643 0.08886801638668797
2 0.8848165873704298 0.8917553483231698 0.08274306733052797 0.09208862830295242
2 0.38973717802978464 0.5643860930269455 0.09211806733052796 0.09231351002619445
2 0.31732646469027354 0.5733753031936659 0.08737600362819702 0.09059076320644138
2 0.2533185283926044 0.5765223009272855 0.08877481252120453 0.0857973256192522
2 0.1829241828391081 0.5757934549144031 0.08910219473518963 0.09545916136804447
2 0.11428331024376981 0.5806631994677759 0.08586806733052792 0.09216358887736631
2 0.23703129636395373 0.34967530241030575 0.08586806733052796 0.09216358887736631
2 0.16852683302444255 0.35857081185900863 0.08753969473518963 0.09542168108083743
2 0.10083090153609683 0.368252734143174 0.0826339399258662 0.08886801638668815
2 0.6098040751350762 0.04513906509348696 0.08586806733052796 0.09027813018697392
2 0.6760466340280837 0.04069131036913553 0.0810168762235353 0.08138262073827106
2 0.7423710384745874 0.04029743075551947 0.08123513103285873 0.08059486151103894
2 0.813246533665264 0.03584030595936628 0.08430556733052796 0.07168061191873255
2 0.8803521881117676 0.03264713106262265 0.0888293762235353 0.0652942621252453
4 0.9239658450901601 0.5241738933702981 0.07756449400955034 0.07748343381814282
4 0.8576414406436564 0.5281822645137941 0.07918155771188111 0.07913122006348182
4 0.786711381750649 0.5347185354561096 0.07912699400955017 0.07752091410534977
4 0.7181250728576416 0.5411985859676143 0.08257937622353531 0.08725771042855629
4 0.6494842002623032 0.5460683305209871 0.08236112141421188 0.08081648659602811
4 0.9053894267638402 0.2989934212422608 0.08112600362819719 0.09044084205761325
4 0.8329241497219982 0.30637232545084914 0.08559524881887341 0.08411205908670609
4 0.7650372452754945 0.31041817688155243 0.07945437622353531 0.08718274985414214
4 0.3508110210513922 0.06169020513157959 0.08436013103285873 0.09373641454829136
4 0.281579871414212 0.072214760682018 0.08118056733052796 0.09205114801574528
4 0.21447421696770821 0.07624187196911773 0.08408731252120454 0.08568488475763111
4 0.14801340326537735 0.07622447821728381 0.08112600362819711 0.09044084205761323
4 0.07395834437236994 0.08283570973401318 0.08090774881887366 0.08399961822508507
4 0.21813008437520492 0.9456203611202719 0.07939981252120454 0.08557244389601036
4 0.14720002548219752 0.952156632062587 0.07945437622353535 0.08718274985414204