1 0.5 0.5 1 1
0 0.5106758161493289 0.506122735172358 0.9160534683433749 0.13061717067007286
3 0.5332524253226639 0.314129273441163 0.061973894480112965 0.06293585284008893
3 0.502692172076253 0.26139427341511945 0.06361821509696401 0.0678648807508402
2 0.1584016189059771 0.9736521175854066 0.06965002678536125 0.05269576482918691
2 0.21462434536702676 0.9723677755055016 0.06657957386326192 0.05526444898899681
2 0.27157377475017574 0.9678005888646565 0.06830571509696393 0.06439882227068709
2 0.33090786444175024 0.9656979161791867 0.07151253571381497 0.06860416764162666
2 0.3886521805943744 0.961949060143906 0.07477390340856668 0.07610187971218803
2 0.06782447402541768 0.0859157647666712 0.070031856330666 0.07776102512706992
2 0.12555515340856666 0.08171041939573195 0.07162162986961632 0.0794167306155627
2 0.8025923551095548 0.6340417006691096 0.07477390340856686 0.08109148038141888
2 0.8602957609537534 0.628199694087041 0.0700864034085665 0.08103434754932852
2 0.9180264403369023 0.6239943487161017 0.07792617694751698 0.08276623014727534
2 0.6663297524323367 0.425385293885358 0.07156708279171564 0.07614340819330402
2 0.722443384737585 0.4178875818147967 0.07641822402541773 0.08602050829217026
2 0.7832854273512588 0.4129019943930198 0.0747466298696164 0.07945481917028958
2 0.8371098567344077 0.40864903832867183 0.06841480925276536 0.07446865842744785
2 0.898760422887032 0.4053096342567059 0.06690685633066593 0.07772293657234296
4 0.7910886501621558 0.03745964493511758 0.07280230032431163 0.05652251793711603
4 0.8567136501621558 0.038259504584383625 0.07592730032431164 0.05656060649184298
4 0.33858658197764147 0.4442992525948379 0.07633640340856669 0.08111052465878246
4 0.27852578936396766 0.44929436215529645 0.06537162986961631 0.07934055350610886
4 0.22000022321134347 0.4526718547819894 0.06846935633066593 0.07774198084970635
4 0.1646132938281945 0.4569057665689738 0.07633640340856669 0.08111052465878246
4 0.10381216152294621 0.4643463458074446 0.0715398092527653 0.07450674698217491
4 0.1270253392812421 0.6855336627769432 0.06995003571381497 0.07285104149368203
4 0.18707249512544075 0.6797202226109199 0.06846935633066598 0.07774198084970635
4 0.2440082877391146 0.6746870244957343 0.0716216298696164 0.0794167306155628
4 0.7194930775101194 0.9439313291126393 0.0763091298696164 0.07947386344765317
4 0.7756748936627434 0.9405252700699014 0.06857845048646727 0.0842886256942239
4 0.8326106862764172 0.9354920719547157 0.07477390340856686 0.08109148038141888
4 0.8895192053511408 0.9288222126284008 0.07639095048646709 0.08438384708104105
4 0.9480447715037649 0.9254447200017079 0.07789890340856687 0.08112956893614603