1 0.4749029029465367 0.49726074360465267 0.7686492631646772 0.9945214872093053
3 0.5449465132415517 0.01319570371182841 0.04281021287323465 0.02639140742365682
3 0.5054037759789004 0.22350885803152717 0.04179401609154354 0.05329558637268524
3 0.48227227857679045 0.2481460530668976 0.038559755447881726 0.051115272796203766
3 0.41681761531556827 0.6484863548650921 0.057058383171822415 0.07664866413351869
3 0.44388285986768655 0.6975650425551846 0.05182457995351371 0.06608652710212984
2 0.7863263580261013 0.3697465188736565 0.057167643815484226 0.0787319974668519
2 0.7403964989915938 0.3680519774600918 0.057058383171822415 0.07664866413351858
2 0.6955756718880716 0.36008319098573993 0.0569491225281606 0.07456533080018524
2 0.42113767264437635 0.075328108537731 0.06196440445914604 0.08096080116490748
2 0.3706295742535306 0.07169570415555514 0.05549588317182241 0.0766001740119445
2 0.32553559554085404 0.06893525101453667 0.05873014381548423 0.078780487588426
2 0.2773166168281775 0.06627177811666635 0.06174588317182241 0.0767941344982408
2 0.2293161594028245 0.05944163855212937 0.058620883171822416 0.07669715425509264
2 0.1879938567655935 0.8771014817638886 0.06040190445914595 0.08091231104333332
2 0.13859479030573302 0.8671948323209258 0.06018338317182246 0.07674564437666666
2 0.5777822484873907 0.5686130976468975 0.06018338317182241 0.07674564437666666
2 0.6282903468782364 0.5722455020290733 0.057058383171822415 0.07664866413351869
2 0.6732750649472512 0.5770892885034251 0.055277361884498964 0.0724335073452778
2 0.7188771420507734 0.5850338299169898 0.058948665102807676 0.08294715425509243
2 0.7669322297979573 0.5908223028148603 0.05404264381548422 0.07863501722370382
0 0.4750121635901984 0.4906846709747217 0.6481639844126598 0.16363094984537116
4 0.8188431991274798 0.10666463741476759 0.06174588317182241 0.07679413449824081
4 0.7746397310584651 0.10179660587962876 0.06007412252816078 0.07466231104333337
4 0.7254209810584651 0.10332404470921214 0.058620883171822416 0.07669715425509267
4 0.6799281645986046 0.09329616996231405 0.06163662252816078 0.07471080116490748
4 0.6302013162077589 0.08963952051935115 0.058620883171822416 0.07669715425509267
4 0.2943081028303211 0.33717697568518484 0.05873014381548423 0.078780487588426
4 0.24703426508313714 0.3313642577265275 0.058620883171822416 0.07669715425509267
4 0.2004324166922915 0.3276106280404164 0.05851162252816078 0.07461382092175933
4 0.3637415278204859 0.5450964010907865 0.05694912252816078 0.07456533080018536
4 0.7269035374557414 0.9227754095776842 0.06029264381548423 0.07882897770999998
4 0.6778486784212341 0.9211778484072677 0.06018338317182241 0.07674564437666666
4 0.3137961581423167 0.5456064183144903 0.05873014381548423 0.078780487588426
4 0.2688660703951328 0.539720965173472 0.06018338317182241 0.07674564437666666
4 0.22086561296977977 0.5328908256089349 0.056839861884498966 0.07248199746685202
4 0.17509964490076496 0.5280712841953701 0.05840236188449901 0.07253048758842601