0 0.5256205928923949 0.5475927653314333 0.20411135214542853 0.9048144693371333
3 0.26932292440572436 0.46881277112914976 0.07385183030538141 0.09536669959493288
3 0.4226548316825072 0.6356895402588598 0.06253169303247788 0.08768611967861022
1 0.5 0.5 1 1
4 0.5376106677377646 0.4445775488419796 0.09674719636645772 0.1151822024119885
4 0.5272947921337906 0.5222862622899354 0.08998701333591956 0.10570262190619276
2 0.5121956927426137 0.6250365533612714 0.10219997091226496 0.1289734022679501
2 0.11584801166892962 0.09587948048121415 0.09429187606301595 0.0994492783323101
2 0.11583190727678294 0.16345140190785354 0.10041433030538141 0.0977930013770813
2 0.10586684697528086 0.22014470981410675 0.09323955909355411 0.10821524066688566
2 0.1073972671289414 0.30115102201109756 0.09661965060882313 0.11295503091978347
2 0.37888834047649894 0.8621059627982625 0.09897937606301595 0.09987744923504233
2 0.3773097360843523 0.9295351605906579 0.0910393303053814 0.0969366595716171
2 0.3716655139641394 0.9666834577869211 0.07248077787978709 0.04428447890846424
2 0.5799565039621998 0.9125972128013463 0.08647937606301603 0.0987356601610898
2 0.575252899570053 0.9668569452415081 0.08609673879011233 0.06628610951698385
2 0.8871328224294736 0.27821485980001 0.09323955909355419 0.10821524066688566
2 0.886781878189048 0.3535105196322445 0.09754442182065048 0.10196189709300303
2 0.8861120695545356 0.4232382507339667 0.0919321506088231 0.1125268600170514
2 0.9606104544718864 0.30977856610934296 0.0787790910562272 0.12115009871738311
4 0.6816162750048491 0.24504144901471134 0.10025483363936125 0.12214916415709114
4 0.5972094530344174 0.20963745274721696 0.08596919303247788 0.08982697419227038
4 0.5905607113693672 0.26995696516026557 0.07879442182065048 0.10024921348207474
4 0.5978947213713068 0.3437390716715153 0.0872446506088231 0.11209868911431944
4 0.32141235651817857 0.1434581441487226 0.08673446757828503 0.10319000314549978
4 0.31780886652011825 0.2162411852202642 0.08686201333591956 0.10541717463770468
4 0.38977933243141333 0.3058972324504408 0.0869895590935541 0.10764434612990965
4 0.39795888106398575 0.16374326936278705 0.08647937606301595 0.09873566016108999
4 0.39072020803538726 0.227332177197021 0.08867960485118864 0.11001424125635849
4 0.08759378971789458 0.7967265893495329 0.09024210485118864 0.11015696489060242
4 0.09585257093166158 0.8595155620340023 0.08647937606301595 0.0987356601610898
4 0.0848671445690832 0.8983914980026161 0.06922823212215257 0.04177186014777121