1 0.5099375 0.5079710144927536 0.9545468750000001 0.9603220611916264
0 0.509234375 0.5021256038647343 0.07243750000000002 0.9281159420289855
2 0.0859375 0.08856682769726248 0.08096874999999999 0.07758454106280194
2 0.081671875 0.15737520128824478 0.0838125 0.07758454106280194
2 0.436078125 0.6375362318840581 0.08239062500000002 0.08637681159420288
2 0.43253125 0.7129307568438004 0.08096875000000008 0.08198067632850237
2 0.43465625 0.7788083735909823 0.07670312500000005 0.08491143317230276
2 0.44034375 0.8512721417069243 0.08523437499999993 0.08344605475040247
2 0.44034375 0.9215297906602254 0.08239062500000002 0.08051529790660225
2 0.654828125 0.7751368760064412 0.08239062500000002 0.08051529790660225
2 0.65128125 0.8461352657004831 0.08664062500000007 0.08198067632850255
2 0.647015625 0.9171497584541062 0.08096875000000008 0.07758454106280203
2 0.921875 0.36671497584541063 0.08239062500000002 0.08051529790660225
2 0.9232968749999999 0.29718196457326895 0.07954687500000013 0.07611916264090174
2 0.921875 0.22837359098228663 0.08523437499999993 0.07611916264090174
2 0.924 0.15516908212560387 0.08381250000000015 0.0790499194847021
2 0.924 0.08563607085346216 0.0809687499999999 0.08344605475040259
4 0.43465625 0.08563607085346216 0.07101562500000007 0.07465378421900161
4 0.43537499999999996 0.1537037037037037 0.07243750000000002 0.0761191626409018
4 0.43465625 0.22690821256038646 0.07101562500000007 0.07611916264090174
4 0.43323437499999995 0.29790660225442833 0.07954687499999995 0.07758454106280194
4 0.43395312500000005 0.3689049919484702 0.07243750000000002 0.07904991948470205
4 0.65340625 0.08491143317230274 0.08239062500000002 0.07611916264090177
4 0.65128125 0.15956521739130436 0.07528124999999992 0.08198067632850241
4 0.65340625 0.22909822866344606 0.07954687499999995 0.07465378421900164
4 0.924 0.6338808373590982 0.08664062500000007 0.07904991948470215
4 0.91975 0.7056038647342995 0.08381250000000015 0.07611916264090174
4 0.921171875 0.7744122383252818 0.078125 0.07904991948470215
4 0.926140625 0.8432206119162641 0.08239062500000002 0.07611916264090174
4 0.92471875 0.9193397745571658 0.07670312499999987 0.07611916264090174
4 0.08025 0.8468760064412237 0.078125 0.07465378421900144
4 0.07954687499999999 0.9200644122383254 0.07954687499999999 0.07465378421900144