0 0.4677533162650083 0.5331045525282752 0.8597683841020449 0.165040753761592
1 0.48086708027578934 0.5144635583744446 0.9617341605515787 0.971072883251111
3 0.4575970662650083 0.532508360577795 0.06944722099021768 0.06999404950195166
3 0.40735414255925007 0.5066468942368353 0.056310184158514784 0.05823665274642431
2 0.6035425429404209 0.9234708204250756 0.07173776308359248 0.08268419653733772
2 0.6607103008329286 0.9244564628072087 0.06263577886860805 0.08685827495494412
2 0.7185228008329286 0.9278501708330186 0.06843075256024882 0.07935114656105417
2 0.7777612929404208 0.9336978054217736 0.06686825256024882 0.07925942472251851
2 0.8334120534637645 0.9338043243905679 0.07468075256024882 0.07971803391519572
4 0.8394323532378856 0.6939756364577334 0.07284523677523325 0.07490190262784134
4 0.7799208453453778 0.6928524113177974 0.06677724729857708 0.07768462157291221
4 0.7223358584995575 0.6855216954179716 0.07128273677523325 0.07481018078930586
4 0.316732787678749 0.9082146662034349 0.07587923151356132 0.07351054315530581
4 0.252624785047913 0.9052414723982862 0.07284523677523325 0.07490190262784152
4 0.18713629294042083 0.8990269504553897 0.06668624203690507 0.07610981842330591
4 0.1343830192628975 0.903040883037682 0.06714126834526431 0.08398383417133741
4 0.07192852189373342 0.8985846079214623 0.0732092578219206 0.08120111522626672
4 0.17451561063628315 0.12717516634097334 0.07449874203690507 0.07656842761598306
4 0.11385112642129873 0.11887360518927358 0.07780575256024873 0.07990147759226648
4 0.6171533477644522 0.4573368540888632 0.07137374203690498 0.07638498393891216
4 0.6781818530261241 0.45933920264213784 0.06199874203690499 0.07583465290769985
4 0.73213360565696 0.4617162044968063 0.07091871572854594 0.06851096819088066
4 0.7901736188111397 0.4611729046486006 0.07119173151356151 0.07323537763969956
4 0.8488128714419755 0.4638250720188752 0.06208974729857673 0.07740945605730597
2 0.21902114270042444 0.6457051820178619 0.07404371572854584 0.06869441186795162
2 0.1548676374387526 0.6435193897875165 0.0716467578219206 0.08110939338773106
2 0.09387692953212738 0.6272979519685175 0.07293624203690507 0.07647670577744782
2 0.3348945846102726 0.4447180701072381 0.06944722099021768 0.06999404950195166
2 0.27699107934860073 0.4428991652310343 0.0711007262518895 0.07166057449009326
2 0.2222125740869289 0.44126370403190135 0.0664132262518895 0.0713854089744872
2 0.16766158197943667 0.4356912349587527 0.06815773677523321 0.0746267371122351
2 0.1138008346102726 0.43173942995447795 0.0744077367752332 0.07499362446637682
2 0.8661493737904629 0.16382507201887517 0.06512374203690499 0.07601809658477067
2 0.810544115897955 0.16293115147527767 0.07155575256024882 0.07953459023812486