1 0.5014218750000001 0.4976688102893892 0.957390625 0.9719453376205787
0 0.49006249999999996 0.4998553054662381 0.08806250000000002 0.9529421221864952
4 0.22159374999999998 0.08184887459807073 0.07670312500000005 0.07892282958199358
4 0.21804687500000003 0.1520096463022508 0.08664062499999999 0.07892282958199358
4 0.360796875 0.08038585209003216 0.07101562499999999 0.07599678456591641
4 0.141328125 0.9156752411575562 0.078125 0.07453376205787765
4 0.215203125 0.7855948553054662 0.08096874999999999 0.07453376205787783
4 0.209515625 0.8528135048231512 0.078125 0.07453376205787765
4 0.212359375 0.9215112540192926 0.07528125000000001 0.07162379421221858
4 0.337359375 0.7278617363344052 0.08381249999999998 0.08477491961414794
4 0.34943749999999996 0.7958199356913184 0.08523437500000001 0.07162379421221858
4 0.329546875 0.8594051446945337 0.08239062500000002 0.0730707395498393
4 0.34659375 0.9215112540192926 0.07385937499999998 0.06869774919614151
4 0.4140625 0.9156752411575562 0.07528124999999992 0.08038585209003216
3 0.6619375 0.6394372990353698 0.04829687499999995 0.04823151125401929
3 0.80184375 0.6277331189710611 0.0497187499999999 0.054083601286173615
2 0.67471875 0.16442122186495176 0.08523437499999993 0.07453376205787779
2 0.578125 0.22726688102893894 0.08239062500000002 0.07162379421221866
2 0.8529843749999999 0.08110932475884244 0.0809687499999999 0.077459807073955
2 0.722296875 0.08184887459807073 0.07243750000000002 0.07892282958199358
2 0.654828125 0.0854983922829582 0.07385937499999998 0.08038585209003216
2 0.586640625 0.08331189710610933 0.07954687499999995 0.08477491961414792
2 0.571734375 0.1527331189710611 0.06960937499999993 0.077459807073955
2 0.639203125 0.860128617363344 0.07954687499999995 0.08038585209003216
2 0.631390625 0.9302893890675241 0.078125 0.07162379421221858
2 0.7748593750000001 0.7271221864951768 0.078125 0.08331189710610941
2 0.7784062500000001 0.7958199356913184 0.07385937499999998 0.07453376205787765
2 0.7727343750000001 0.862315112540193 0.07385937499999998 0.07016077170418022
2 0.7713125 0.9361254019292604 0.07670312499999987 0.07453376205787765
2 0.918328125 0.8667041800643087 0.0752812500000001 0.07892282958199344
2 0.9140625 0.937588424437299 0.07243749999999985 0.07453376205787765