1 0.5 0.5 1 1
0 0.4621100841587464 0.5341484290636426 0.9242201683174928 0.19255065703534768
2 0.9530296630266587 0.15802854764788335 0.08437474212409199 0.08386456926251888
2 0.8894773460571969 0.147708712322731 0.0795596963664579 0.08196678234424752
2 0.8227362562089178 0.13800844608491306 0.08281224212409236 0.08377047658486136
2 0.7567764163606387 0.1283552261859239 0.0766897878817268 0.08500961475953028
2 0.6932878722699941 0.1172276364181221 0.0829397878817268 0.08538598547016024
2 0.8107812267828269 0.9973218028301059 0.07946410151720898 0.005356394339788392
2 0.745411318298096 0.9921618851675298 0.07684928454774695 0.015676229664940526
2 0.19183784513911303 0.35404534967010937 0.07799719636645772 0.08187268966659006
2 0.12822175529083393 0.3445332687876064 0.08293978788172676 0.08538598547016019
2 0.06069941544255479 0.3347859562109598 0.0830673336393613 0.08700149435545906
2 0.2886816678584508 0.5790078146544531 0.08437474212409227 0.08386456926251888
2 0.2236306237678062 0.5677861322089938 0.07968724212409217 0.0835822912295464
2 0.15845203391952706 0.5581799586488333 0.07968724212409226 0.0835822912295464
2 0.09340098982888248 0.5469582762033741 0.08475737939699583 0.0887110959184153
2 0.034096783400141994 0.5372109636267275 0.06819356680028399 0.08709558703311661
4 0.3720186501497812 0.07028680109294186 0.08281224212409218 0.08377047658486136
4 0.3054051060591366 0.05897102596982508 0.07812474212409218 0.08348819855188891
4 0.7712225851371735 0.4425007579900428 0.08150483363936126 0.08690740167780169
4 0.8353648334701834 0.45529090298197217 0.0798147878817268 0.08519780011484526
4 0.9052946961972799 0.46437160013245554 0.08619233363936125 0.08718967971077417
4 0.24081644757440568 0.0518351620764417 0.07774210485118864 0.0786416718959923
4 0.17616401621085748 0.045507052625707756 0.08204696757828503 0.07407742327306815
4 0.10845035772612657 0.0381830033770094 0.07997428454774687 0.06752129505421518
4 0.03568382680222366 0.9205881458045541 0.07136765360444731 0.07882985725130734
4 0.0033177369539445284 0.9077509544737958 0.006635473907889057 0.08367638390720394
4 0.6067621170998464 0.6265682190669678 0.0794321506088231 0.08035127345894866
4 0.6742844569481254 0.6363155316436144 0.07774210485118864 0.07864167189599224
4 0.7418705696752219 0.6452550897776117 0.0831948793969957 0.08861700324075793
4 0.8053591137658666 0.6563826795454134 0.0798147878817268 0.08519780011484526