1 0.47588360565696003 0.500378707789581 0.83260778868608 0.9992425844208379
0 0.4847048688111396 0.4988560445348414 0.6971927893919517 0.10863641246462864
3 0.4848435637753467 0.7876340831542727 0.03150760523343692 0.03794441276680779
3 0.45934230581225177 0.70063306661388 0.03454159997176518 0.036079574388736116
2 0.6715740792074264 0.33501857569211385 0.07468075256024882 0.09106000441791126
2 0.7348021213008012 0.3203633175646388 0.07128273677523325 0.08537767298466238
2 0.8001996081466215 0.32554133426663906 0.07155575256024882 0.09103805034315295
2 0.8008080109468667 0.5397691169245197 0.0702662683452644 0.09668745066426426
2 0.7389527530543589 0.542165712627288 0.06999325256024883 0.0910270733057737
2 0.6760887320076716 0.5492738009434424 0.07468075256024882 0.09106000441791126
2 0.6126709741151638 0.5516594196088316 0.07293624203690499 0.08727544247487183
2 0.5514604583301482 0.5568916925095349 0.07624325256024882 0.09107098145529052
2 0.22643328234648993 0.975357068208919 0.07745714206513998 0.04928586358216205
2 0.16140752182314627 0.9789056238483068 0.07553062101845254 0.04218875230338645
2 0.4191371368740553 0.04352434930953295 0.07395271046687384 0.07596566479526978
2 0.35084986845820376 0.04965062176844511 0.07404371572854576 0.07785245724809997
2 0.2866053579348601 0.05297414814155989 0.0722992052052021 0.07406789530506044
2 0.22157959741151637 0.05629218599598508 0.07689569994353027 0.07221403396436775
2 0.15421008688817267 0.059593758294341534 0.07358868942018656 0.06841849498394904
4 0.794819676336594 0.03200789488430518 0.0759856473268119 0.05334610943606586
4 0.7298394184440864 0.034382536512315286 0.07157116311182729 0.05897355568241894
4 0.6672029105515785 0.03677364369639413 0.07184417889684287 0.0646339330409095
4 0.6046119052899067 0.03822135465405787 0.07202618942018653 0.06840751794656988
4 0.5420664026590708 0.038725669385306534 0.07524219468185844 0.07031626447415838
4 0.28835976080569237 0.3568629919397014 0.07449874203690499 0.08728641951225088
4 0.2231974923898409 0.363011218473372 0.0745897472985769 0.08917321196508107
4 0.1582249397731224 0.38142908446912827 0.0761522472985769 0.08918418900246033
4 0.41879217149844533 0.5691716800208072 0.0730272472985769 0.08916223492770202
4 0.3568459083442656 0.5734550681764056 0.07597023677523325 0.08541060409679974
4 0.29081138466674233 0.5814845986442169 0.0796412683452643 0.09675331288853939
4 0.22587662940507053 0.5829158440458118 0.07753273677523324 0.085421581134179
4 0.7360203849490909 0.9432243677461842 0.06972023677523324 0.08536669594728312
4 0.8011826533649424 0.9370761412125137 0.07449874203690499 0.08728641951225088