3 0.42354756093274926 0.42212570727245735 0.0777147472985769 0.07429202267663584
3 0.4867609214984453 0.4627683412635487 0.07560621572854594 0.06489884134309047
1 0.5 0.5 1 1
4 0.040248849009283015 0.7185858206556368 0.08049769801856603 0.07278406667727211
4 0.039096237198756226 0.7826301393220915 0.07819247439751245 0.06809656667727211
4 0.037666756965319244 0.8458750266550006 0.07533351393063849 0.06960452267663583
4 0.03456102015479245 0.9138801393220914 0.0691220403095849 0.07274770401018138
4 0.03731465834426566 0.9716017326543642 0.07462931668853132 0.055596566677272106
4 0.11121780602401328 0.7981636853119101 0.0775327367752332 0.07116702267663584
4 0.10909459292630339 0.8614267539783647 0.07762374203690507 0.07272952267663584
4 0.10628113509026535 0.9231364133115919 0.07762374203690507 0.07272952267663584
4 0.10644846408593027 0.9738813006445011 0.0762586631118273 0.049292022676635835
4 0.18395037975800635 0.8496256406349559 0.08102175782192056 0.07745338534372692
4 0.1753041508752809 0.9176489346355922 0.07597023677523321 0.07114884134309066
4 0.175334971978438 0.9707375719685014 0.07653167889684287 0.05397952267663584
4 0.2502964455994916 0.9035040712921838 0.07918624203690498 0.07274770401018138
4 0.2444034903942895 0.9644688432925019 0.07716871572854585 0.06491702267663584
4 0.3092472403942895 0.963714317950366 0.07873121572854584 0.06493520401018102
2 0.9051223265765905 0.2635008538749603 0.08074874203690499 0.07276588534372674
2 0.9083908107209877 0.19397869454173303 0.07918624203690498 0.07274770401018134
2 0.6257511579207427 0.023907477959910935 0.07662268415851478 0.04781495591982187
2 0.6958669658697202 0.07622067190486802 0.07762374203690499 0.0727295226766359
2 0.6961091605515786 0.022708057288365703 0.07340667889684287 0.045416114576731406
2 0.7659372711878618 0.1331786492282321 0.07753273677523324 0.07116702267663592
2 0.7690237448089153 0.06678148989500483 0.07744173151356151 0.06960452267663589
2 0.7625609131824145 0.021544999283911365 0.07487817363517095 0.04308999856782273
2 0.8406859131824145 0.021090465945275243 0.07487817363517095 0.042180931890550485
2 0.8412704711313921 0.07296730788514165 0.08240224729857673 0.07434656667727224
2 0.8304170001411745 0.13867412388609615 0.07927724729857673 0.07431020401018137
2 0.8345892896743002 0.20108321721836891 0.07936825256024846 0.07587270401018138
2 0.9030655448653849 0.1245565325430057 0.07927724729857673 0.07431020401018133
2 0.9134107816406182 0.05417130720882392 0.07771474729857672 0.0742920226766359
2 0.9122801921216096 0.012087635940502736 0.07543961575678075 0.02417527188100547