3 0.38671875 0.30859375 0.035807291666666664 0.02685546875
3 0.4934895833333333 0.337890625 0.037760416666666664 0.03076171875
2 0.11328125 0.13525390625 0.07747395833333333 0.0693359375
2 0.1875 0.138671875 0.07747395833333333 0.064453125
2 0.2630208333333333 0.1396484375 0.07552083333333333 0.060546875
2 0.3346354166666667 0.14306640625 0.07421875 0.06298828125
2 0.4069010416666667 0.14501953125 0.07877604166666667 0.056640625
2 0.7604166666666666 0.361328125 0.06901041666666667 0.060546875
2 0.8268229166666666 0.35986328125 0.06575520833333333 0.0517578125
2 0.888671875 0.3603515625 0.060546875 0.04833984375
2 0.8938802083333334 0.50390625 0.064453125 0.05078125
2 0.8326822916666666 0.5078125 0.060546875 0.04833984375
2 0.7682291666666666 0.50390625 0.060546875 0.05078125
2 0.705078125 0.5029296875 0.060546875 0.05078125
2 0.6393229166666666 0.50732421875 0.07096354166666667 0.0517578125
2 0.201171875 0.79931640625 0.07421875 0.0556640625
2 0.12630208333333334 0.80224609375 0.07421875 0.05908203125
0 0.5052083333333334 0.4619140625 0.837890625 0.04052734375
4 0.62890625 0.154296875 0.07096354166666667 0.05810546875
4 0.6979166666666666 0.15673828125 0.0625 0.05810546875
4 0.7591145833333334 0.16162109375 0.06901041666666667 0.05078125
4 0.8216145833333334 0.16357421875 0.0625 0.04931640625
4 0.8821614583333334 0.166015625 0.064453125 0.0517578125
4 0.11653645833333333 0.35693359375 0.06770833333333333 0.05419921875
4 0.19205729166666666 0.361328125 0.07552083333333333 0.0556640625
4 0.267578125 0.36083984375 0.07552083333333333 0.05419921875
4 0.12174479166666667 0.51318359375 0.07421875 0.05908203125
4 0.1953125 0.51416015625 0.08203125 0.060546875
4 0.271484375 0.51318359375 0.07877604166666667 0.0615234375
4 0.3450520833333333 0.50927734375 0.07421875 0.05810546875
4 0.4140625 0.50927734375 0.07421875 0.0556640625
4 0.8274739583333334 0.76220703125 0.07096354166666667 0.05322265625
4 0.900390625 0.7607421875 0.06770833333333333 0.0556640625
1 0.5065104166666666 0.470703125 0.9075520833333334 0.75732421875