1 0.5041718750000002 0.49825263157894734 0.84375 0.9908842105263158
3 0.9635468749999999 0.3993052631578947 0.05417187500000011 0.07437894736842102
3 0.313015625 0.4105263157894737 0.042703124999999974 0.05473684210526316
3 0.709375 0.38035789473684206 0.041671874999999935 0.0617473684210526
3 0.7375 0.17473684210526316 0.041671874999999935 0.06315789473684211
3 0.405203125 0.3943789473684211 0.04375 0.05332631578947365
2 0.141140625 0.0540421052631579 0.059375 0.0772
2 0.141140625 0.1291157894736842 0.05729687499999998 0.07578947368421053
2 0.136453125 0.19930526315789474 0.05625 0.07578947368421053
2 0.138546875 0.27578947368421053 0.05832812500000002 0.07157894736842105
2 0.140109375 0.3494736842105263 0.05729687499999998 0.07298947368421056
2 0.384375 0.8014105263157895 0.052078125000000065 0.07298947368421044
2 0.386453125 0.874378947368421 0.058328124999999974 0.07298947368421044
2 0.390625 0.9494736842105264 0.05625 0.07157894736842105
2 0.5645781249999999 0.6589473684210526 0.058328125000000064 0.07437894736842114
2 0.563015625 0.7291157894736842 0.05520312500000006 0.07719999999999991
2 0.565109375 0.8042105263157895 0.051046874999999936 0.07298947368421044
2 0.559375 0.874378947368421 0.05625 0.07016842105263167
2 0.5625 0.9445684210526316 0.05625 0.07578947368421053
2 0.8682343749999999 0.11858947368421052 0.06354687500000011 0.07437894736842107
2 0.865109375 0.04701052631578947 0.061453124999999886 0.06877894736842105
4 0.14375 0.6505263157894737 0.06875 0.08562105263157886
4 0.383328125 0.05263157894736842 0.05417187500000002 0.07157894736842105
4 0.38542187499999997 0.12279999999999999 0.058328124999999974 0.07437894736842107
4 0.38698437499999994 0.2035157894736842 0.059375 0.07858947368421056
4 0.559375 0.3452631578947368 0.0625 0.07578947368421053
4 0.558859375 0.2659578947368421 0.065625 0.07719999999999998
4 0.559375 0.1936842105263158 0.06457812500000007 0.07298947368421056
4 0.5604218750000001 0.11789473684210526 0.06042187499999994 0.07858947368421049
4 0.563546875 0.04562105263157895 0.06875 0.07437894736842104
4 0.8645781250000001 0.8785894736842105 0.06457812499999989 0.08421052631578947
4 0.865625 0.9508842105263158 0.0625 0.07437894736842114
4 0.145828125 0.7249052631578947 0.06457812500000001 0.07719999999999991
4 0.143234375 0.8014105263157895 0.06354687499999997 0.08421052631578947
4 0.138015625 0.8722736842105263 0.06145312500000002 0.07437894736842114
4 0.1421875 0.9501684210526316 0.065625 0.08141052631578939
0 0.501046875 0.4957894736842105 0.041671874999999935 0.9550736842105265