1 0.4626876580841629 0.502803627390181 0.8902496838316741 0.994392745219638
3 0.4126294964562557 0.6690989697674434 0.07814358883351816 0.1041914517780242
3 0.49273490592469465 0.4876734957795022 0.07159320018457009 0.09740742751322777
2 0.6734096167497229 0.20501689182970578 0.06983044108527156 0.09310725478036197
2 0.7234899599021777 0.22393917231450974 0.06846820018457009 0.09714041538082956
2 0.7743515530546323 0.2429282058324132 0.07159320018457009 0.09740742751322777
2 0.8204755814322624 0.26255838781838603 0.0698304410852714 0.09310725478036197
2 0.8710868507105939 0.28675575466962283 0.0731557001845701 0.0975409335794268
2 0.18900673349944572 0.31110578860588234 0.07139294108527147 0.0932407608465611
2 0.23830582665190048 0.3299613160575868 0.06846820018457009 0.09714041538082961
2 0.2908801141288292 0.34595885564168927 0.0749184592838688 0.1018411063122926
2 0.3419152806939819 0.5898407649563197 0.08166910703211538 0.1127917972437558
2 0.2937781693429299 0.5794520769041479 0.07159320018457009 0.09740742751322766
2 0.24452914096529982 0.5595548827857768 0.07481832973421945 0.09975777297895926
2 0.19611142736249437 0.5386827750338387 0.07139294108527147 0.093240760846561
2 0.14441851943521494 0.5206686551495022 0.0700307001845701 0.09727392144702864
4 0.12001479257105774 0.8815262111849397 0.0700307001845701 0.09727392144702852
4 0.07086589374307697 0.8595456837332353 0.0698304410852715 0.09310725478036184
4 0.2532856863049095 0.05092815545711912 0.06842862739018099 0.06394058811369532
4 0.30137273288113686 0.06235851017595773 0.07225453423772628 0.07879093357942685
4 0.350922149907715 0.07600570429432876 0.07628070018457009 0.09780794571182504
4 0.4034964373846437 0.09200324387843133 0.0717934592838688 0.10157409417989441
4 0.4543079657622737 0.11203394406300145 0.0731557001845701 0.09754093357942682
4 0.7131277490771494 0.5211479374800074 0.0731557001845701 0.0975409335794268
4 0.7639392774547794 0.5411786376645776 0.07149307063492075 0.09532409417989432
4 0.8138694262827603 0.5632259181493815 0.06973031153562204 0.09102392144702852
4 0.7631010633905487 0.7544796740617722 0.0702309592838688 0.10144058811369519
4 0.7146332850129186 0.7346492329765006 0.06680557063492074 0.09492357598129691
4 0.6670468861849379 0.7128022115909954 0.06826794108527139 0.09297374871416271
4 0.6176977282576583 0.6949883508059577 0.06826794108527139 0.09297374871416295