1 0.5015625 0.49765625 0.95703125 0.971875
0 0.48984375 0.5 0.08828125 0.953125
4 0.221875 0.08203125 0.0765625 0.07890625
4 0.21796875 0.15234375 0.08671875 0.07890625
4 0.3609375 0.08046875 0.07109375 0.07578125
4 0.14140625 0.915625 0.078125 0.07421875
4 0.21484375 0.7859375 0.08125 0.07421875
4 0.209375 0.853125 0.078125 0.07421875
4 0.2125 0.921875 0.075 0.071875
4 0.3375 0.728125 0.08359375 0.08515625
4 0.34921875 0.79609375 0.08515625 0.071875
4 0.3296875 0.859375 0.08203125 0.0734375
4 0.346875 0.921875 0.07421875 0.06875
4 0.4140625 0.915625 0.075 0.08046875
3 0.66171875 0.6390625 0.0484375 0.0484375
3 0.8015625 0.62734375 0.05 0.05390625
2 0.675 0.1640625 0.08515625 0.07421875
2 0.578125 0.22734375 0.08203125 0.071875
2 0.853125 0.08125 0.08125 0.07734375
2 0.72265625 0.08203125 0.07265625 0.07890625
2 0.6546875 0.08515625 0.07421875 0.08046875
2 0.58671875 0.08359375 0.0796875 0.08515625
2 0.571875 0.15234375 0.06953125 0.07734375
2 0.6390625 0.86015625 0.0796875 0.08046875
2 0.63125 0.93046875 0.078125 0.071875
2 0.775 0.72734375 0.078125 0.08359375
2 0.778125 0.79609375 0.07421875 0.07421875
2 0.77265625 0.8625 0.07421875 0.0703125
2 0.77109375 0.9359375 0.0765625 0.07421875
2 0.91796875 0.86640625 0.075 0.07890625
2 0.9140625 0.9375 0.07265625 0.07421875