0 0.496390625 0.4927358490566037 0.0745156249999999 0.9680754716981135
3 0.487984375 0.4310566037735849 0.0817343750000001 0.08998113207547169
3 0.495796875 0.3214716981132075 0.05648437499999996 0.07111320754716981
3 0.48557812499999997 0.5101509433962264 0.06009375000000006 0.06820754716981128
3 0.50721875 0.5754716981132075 0.06009375000000006 0.06532075471698114
3 0.5048125 0.6494905660377359 0.06009375000000006 0.07111320754716992
1 0.49879687500000003 0.5 0.8629843749999999 1
4 0.350359375 0.04354716981132075 0.07090624999999999 0.07256603773584908
4 0.35396875 0.11175471698113207 0.06851562500000004 0.06966037735849057
4 0.355765625 0.19230188679245283 0.06971875000000001 0.07692452830188681
4 0.561296875 0.038452830188679246 0.06971875000000001 0.07401886792452829
4 0.56490625 0.10958490566037736 0.07210937499999996 0.07111320754716981
4 0.56971875 0.17633962264150943 0.06490624999999994 0.07401886792452829
4 0.5625 0.24528301886792453 0.06490624999999994 0.07256603773584902
4 0.561296875 0.31713207547169814 0.06971875000000001 0.07692452830188676
4 0.844953125 0.8766415094339622 0.07451562500000009 0.07547169811320754
4 0.8611718749999999 0.947754716981132 0.07090625000000017 0.07547169811320754
4 0.115984375 0.6632830188679245 0.07090624999999999 0.07256603773584913
4 0.112375 0.7314905660377359 0.068515625 0.07547169811320754
4 0.113578125 0.8011698113207547 0.07090624999999999 0.0812830188679246
4 0.122 0.8700943396226415 0.068515625 0.07111320754716992
4 0.11178125000000001 0.9397735849056603 0.06731250000000003 0.07983018867924539
2 0.118390625 0.04716981132075472 0.07090624999999999 0.07692452830188681
2 0.115390625 0.11392452830188679 0.06731249999999997 0.07111320754716981
2 0.11478124999999999 0.18069811320754717 0.06370312500000001 0.07401886792452829
2 0.115390625 0.24745283018867925 0.06490624999999998 0.06820754716981128
2 0.113578125 0.3193018867924528 0.068515625 0.07256603773584902
2 0.356375 0.8011698113207547 0.066109375 0.0812830188679246
2 0.355765625 0.8722830188679246 0.06731249999999997 0.07256603773584913
2 0.35335937500000003 0.9383207547169811 0.06731249999999997 0.07401886792452833
2 0.5607031250000001 0.6625471698113207 0.06851562500000004 0.07111320754716992
2 0.5655 0.7293207547169812 0.06851562500000004 0.07401886792452833
2 0.5685156250000001 0.7997169811320756 0.06490624999999994 0.07547169811320754
2 0.56309375 0.8715471698113207 0.06610937499999991 0.0711132075471697
2 0.56309375 0.9412264150943397 0.06610937499999991 0.07692452830188676
2 0.88340625 0.10884905660377359 0.06490624999999994 0.0812830188679245
2 0.88221875 0.04064150943396226 0.06971874999999983 0.07837735849056605