1 0.49140625 0.4852459016393443 0.9703125 0.9704918032786886
3 0.35640625 0.461344262295082 0.02678124999999998 0.07337704918032785
3 0.322546875 0.5003934426229508 0.03348437500000001 0.07963934426229514
0 0.48771875 0.48321311475409834 0.05579687500000006 0.9508196721311475
2 0.047984375 0.3832786885245902 0.07365625 0.11396721311475407
2 0.048359374999999996 0.2810163934426229 0.071421875 0.08118032786885243
2 0.04984375 0.19514754098360657 0.072921875 0.09367213114754101
2 0.05096874999999999 0.10537704918032786 0.07365625 0.08586885245901639
2 0.33965625 0.8352786885245901 0.07365624999999998 0.09678688524590158
2 0.34114062500000003 0.9266229508196722 0.07515625000000004 0.08275409836065577
2 0.91740625 0.11944262295081967 0.07887500000000003 0.11708196721311473
2 0.91703125 0.03045901639344262 0.07960937500000007 0.060885245901639344
2 0.55096875 0.6557377049180327 0.07068750000000001 0.09055737704918035
2 0.55096875 0.7455081967213114 0.07068750000000001 0.08586885245901639
2 0.55171875 0.8329508196721311 0.06920312499999995 0.088983606557377
2 0.55171875 0.9227213114754098 0.06920312499999995 0.09055737704918035
4 0.9192656250000001 0.9164590163934425 0.07515624999999986 0.09678688524590158
4 0.55021875 0.3817377049180328 0.07068750000000001 0.11085245901639346
4 0.55021875 0.2818032786885246 0.06920312499999995 0.08586885245901639
4 0.549484375 0.19203278688524592 0.06473437499999993 0.08744262295081968
4 0.548359375 0.10147540983606557 0.06546874999999996 0.09055737704918032
4 0.55021875 0.028098360655737706 0.07365624999999998 0.05308196721311475
4 0.341890625 0.2084262295081967 0.08109374999999996 0.11085245901639346
4 0.33854687499999997 0.10695081967213114 0.07589062499999999 0.08898360655737705
4 0.334078125 0.03278688524590164 0.07589062499999999 0.06245901639344261
4 0.048359374999999996 0.6541639344262296 0.072921875 0.09678688524590158
4 0.048359374999999996 0.7494098360655738 0.07440625 0.07180327868852451
4 0.049484375000000004 0.8383934426229508 0.07365625 0.08429508196721305
4 0.052078124999999996 0.9242622950819671 0.07737500000000001 0.08744262295081953