1 0.5 0.5045436507936507 0.8169687500000002 0.9325396825396826
0 0.49889062500000003 0.503829365079365 0.03571875000000002 0.8971031746031746
3 0.24943749999999998 0.7142857142857143 0.03235937499999997 0.04819444444444437
3 0.283484375 0.6951587301587302 0.03795312500000003 0.0496031746031746
4 0.131703125 0.08716269841269841 0.07365625000000002 0.08644841269841272
4 0.13225 0.1636904761904762 0.06584375000000002 0.08644841269841269
4 0.131703125 0.24589285714285716 0.06473437500000001 0.08644841269841269
4 0.133375 0.32170634920634916 0.06807812499999999 0.08503968253968257
4 0.13225 0.398234126984127 0.06807812499999999 0.0906944444444444
4 0.368296875 0.9204960317460318 0.07142187499999997 0.09212301587301577
4 0.36775 0.8404166666666667 0.06807812500000007 0.08787698412698405
4 0.36775 0.7624801587301587 0.0703125 0.09069444444444452
4 0.565296875 0.9219047619047619 0.07254687499999993 0.08361111111111108
4 0.563609375 0.8390079365079365 0.06696875000000002 0.08787698412698405
4 0.564734375 0.7575198412698413 0.06696875000000002 0.0807738095238096
4 0.56584375 0.6824007936507936 0.06473437499999993 0.0807738095238096
4 0.564171875 0.6044444444444445 0.06584374999999998 0.08361111111111108
4 0.8543593749999999 0.16581349206349205 0.06584375000000016 0.08503968253968257
4 0.85490625 0.0864484126984127 0.06696874999999984 0.08220238095238094
2 0.138953125 0.919781746031746 0.06807812499999999 0.08787698412698405
2 0.137828125 0.8418452380952381 0.06584375000000002 0.08220238095238085
2 0.1400625 0.6030357142857143 0.06584375000000002 0.0807738095238096
2 0.138390625 0.6824007936507936 0.06920312499999999 0.0807738095238096
2 0.138390625 0.7603373015873015 0.0625 0.0807738095238096
2 0.3671875 0.24376984126984125 0.06473437500000001 0.08220238095238097
2 0.3671875 0.16509920634920633 0.0625 0.08077380952380954
2 0.36775 0.08291666666666667 0.06584374999999998 0.08644841269841272
2 0.560265625 0.08148809523809523 0.07142187500000005 0.08928571428571429
2 0.55859375 0.1665277777777778 0.06807812500000007 0.08361111111111108
2 0.560265625 0.24376984126984128 0.07142187500000005 0.08787698412698411
2 0.560265625 0.3245436507936508 0.06920312499999995 0.08220238095238097
2 0.560265625 0.4010714285714285 0.07142187500000005 0.09353174603174601
2 0.8532343750000001 0.8404166666666667 0.0680781249999999 0.08503968253968257
2 0.8537968749999999 0.919781746031746 0.06920312499999995 0.08220238095238085