1 0.4834972808123589 0.4956927628201746 0.8673804383752822 0.9913855256403492
3 0.5659351375129499 0.6764610210941244 0.04905823821317572 0.06794371382553699
3 0.5523158631107318 0.1470997518573641 0.05225601282028158 0.07036803158934468
3 0.7014832632345663 0.06578839590576932 0.053818512820281585 0.07052755889230118
3 0.5694839766357485 0.5512776268508658 0.047568512820281586 0.06988944968047522
2 0.8444881689444813 0.8158481045876211 0.06482878742738762 0.07374951317089151
2 0.7894367959089521 0.8319578759805721 0.06326628742738745 0.07358998586793476
2 0.738182510962764 0.8508267238529741 0.062975188998964 0.06516893323635582
2 0.6808601625343405 0.8650705230424651 0.05992296360606986 0.06695514178833754
2 0.6266264268023642 0.8800478992049905 0.061631012820281585 0.07132519540708376
2 0.27047924235151416 0.6657185770769112 0.06370293507002263 0.08622156481530319
2 0.21631828122664362 0.6785906900815419 0.06555653349844599 0.09480214474983864
2 0.16066759470887898 0.6895170672312342 0.06384848428423426 0.09043209113109266
2 0.35915440632908757 0.39758268462612983 0.06555653349844608 0.09480214474983875
2 0.3071916459900053 0.4144260329921153 0.06853598428423427 0.0909106730399623
2 0.25143179756158185 0.42851030487864983 0.06370293507002263 0.08622156481530331
2 0.20006835070473503 0.4505370474878938 0.062285984284234354 0.09027256382813639
2 0.14828752688341745 0.46211723795914234 0.06704625889134017 0.09285640889490053
4 0.4031332688206469 0.9269910661920805 0.07227741439185813 0.0640208338962001
4 0.8248264480997012 0.5063273080479044 0.06377570967712849 0.08832682797319805
4 0.7721915996712777 0.5200925253285259 0.0655565334984459 0.09480214474983888
4 0.7125255012428543 0.5345756154724517 0.06875430810555194 0.0972264625136465
4 0.59167796195344 0.33713053852541064 0.06733735731976367 0.10127746152647947
4 0.6498179476854163 0.321754344105494 0.0690454065339754 0.10564751514522545
4 0.7041244580244985 0.3046717047850738 0.06577485731976367 0.10111793422352297
4 0.7599934683635808 0.2874295381616972 0.06882708271265763 0.09933172567154124
4 0.8135915033097689 0.26832139933486054 0.06755568114108108 0.10759325100016369
4 0.16981804032287157 0.06447749618120198 0.06929796360606985 0.06791230560607668
4 0.11558430459089522 0.07945487234372739 0.061412688998963995 0.06500940593339946
4 0.3482638323028822 0.9378376796902947 0.06566354135632882 0.052856408894900404
4 0.2925403711780117 0.950869319997882 0.06984161910658786 0.03859814869850676
0 0.4859138054194648 0.4465269452901137 0.7143622146395272 0.2617395524498188