0 0.5430151291071318 0.5102769856914325 0.7636790890993732 0.2759530180629707
4 0.9590469229682554 0.9004129253646034 0.08190615406348911 0.0758564370405994
4 0.9020063313926432 0.9110024816421248 0.07904951333591939 0.08119635516598948
4 0.8483391974537196 0.9243884829600819 0.08048446757828494 0.07941638245752605
4 0.7953257677571612 0.9359787008223583 0.08529951333591974 0.08132284114372997
4 0.7384698609394202 0.9483956620499958 0.0950571506088231 0.08694735271903715
1 0.52109375 0.500426890174875 0.9578125 0.9991462196502502
4 0.6680803203034417 0.02618353754411034 0.07991064060688338 0.02694339356233855
3 0.4857131989515315 0.3833909222624927 0.07190669303247788 0.06838870976795895
3 0.3939563915249674 0.31007795830684765 0.0722893303053814 0.0738234923766546
4 0.3356165725986515 0.7114026755106229 0.08944487939699589 0.09587883775578901
4 0.28215673275037234 0.7166523136627542 0.07343724212409217 0.09012784020274156
4 0.23961841744790044 0.7329770567461055 0.04974465060882309 0.08603032938041685
4 0.39242532668153746 0.46562208780064157 0.08931733363936126 0.09406724355289046
4 0.33075437410616193 0.4761325903420751 0.08501247091226496 0.09940716167828055
4 0.2786497401672382 0.48955021315446745 0.07837983363936125 0.09384589309184423
4 0.22322878759186268 0.5001872016736417 0.07837983363936125 0.09384589309184423
4 0.18440540365293895 0.5138736071887331 0.052742104851188645 0.08428197816638854
2 0.885712554261762 0.6130900997486186 0.08995506242753422 0.10312521456738322
2 0.8307539872923002 0.6192139135077641 0.07550992515463051 0.09740583850877088
2 0.7710919448686455 0.6360966172537778 0.09177265394280312 0.10678002446761543
2 0.5306732074556592 0.9725976246924594 0.0794641015172088 0.05480475061508135
2 0.47064450321329365 0.9737767890066543 0.08389651000193972 0.052446421986691465
2 0.41750352775910093 0.9841245995658654 0.07767846091032524 0.031750800868269216
2 0.36410746078963907 0.9907701679831911 0.08759559484924892 0.01845966403361779
2 0.13301940727678294 0.12751390880759655 0.08670251666989945 0.10125037737561433
2 0.08749961318613834 0.13473324863480232 0.054559696366457675 0.08793678806662092
2 0.600445249710136 0.41737056841255005 0.08619233363936125 0.09400400056402013
2 0.6586723378914251 0.4022678373749998 0.0913900166698994 0.10134524185891979
2 0.7161819489515315 0.38805509269168126 0.07719997091226496 0.09924905420610476
2 0.7715391286480898 0.3765123070710578 0.08332242515463051 0.09756394598094689
2 0.8287936481929272 0.35867637398194213 0.0782522878817268 0.09203429888894567