1 0.45723951489130643 0.4862964319675222 0.7518156036124987 0.9725928639350444
3 0.3716641134400276 0.5110823105913662 0.06382937622353531 0.08778678454774677
3 0.5272345563611187 0.4508628034643644 0.06361112141421188 0.08153678454774678
2 0.16187746270653897 0.11610387681192198 0.06350199400955026 0.07841178454774686
2 0.1681572337579312 0.047816262417835646 0.06328373920022683 0.07216178454774688
2 0.7885589806778883 0.28463279921230067 0.06037699400955034 0.07815669303247788
2 0.7933035335804459 0.21569148057584883 0.06037699400955017 0.07815669303247778
2 0.7988839001853345 0.14512388906057977 0.06048612141421188 0.08128169303247779
2 0.800367043832065 0.08034391193939702 0.06037699400955034 0.07815669303247778
2 0.8020411604369535 0.025822413546043872 0.06366568511654265 0.051644827092087744
2 0.5431794378573136 0.8865931383116739 0.05736112141421188 0.08102660151720897
2 0.5479239907598712 0.8176518196752219 0.06350199400955034 0.07841178454774678
2 0.5550668573647599 0.7469566824023183 0.06684524881887377 0.08491687606301604
2 0.402891776872206 0.6207125310445891 0.07018850362819702 0.09142196757828494
2 0.39203363322547546 0.6862577827115791 0.06048612141421197 0.08128169303247787
2 0.38963283032291784 0.7550077827115791 0.06372024881887359 0.08466178454774678
2 0.3864780592715256 0.8230403055903963 0.05736112141421188 0.08102660151720861
2 0.3808976926666371 0.8936078971056653 0.06037699400955017 0.07815669303247788
4 0.11948153222968357 0.839381880145902 0.06355655771188111 0.07997428454774677
4 0.11788926117829135 0.9072868572670846 0.060431557711881065 0.07971919303247788
4 0.7603669378573137 0.8688642780004734 0.06043155771188111 0.07971919303247788
4 0.7635217089087059 0.800831755121656 0.06054068511654283 0.08284419303247788
4 0.7674577299600981 0.7327354593640216 0.06684524881887359 0.08491687606301604
4 0.773065378416152 0.6613866178487525 0.06350199400955034 0.07841178454774678
4 0.7770832450210405 0.5909465720911179 0.06366568511654283 0.08309928454774677
4 0.5818873731434925 0.1573839993717802 0.06059524881887377 0.08440669303247779
4 0.585123989748381 0.08700772649296291 0.06048612141421188 0.08128169303247779
4 0.587552074502104 0.02821363862578364 0.05725199400955035 0.05642727725156728
4 0.4357713196927806 0.037715926507510406 0.06662699400955034 0.07543185301502081
4 0.4318352986413885 0.10419471074114739 0.06339286660488845 0.07528678454774687
4 0.4310515594411616 0.17125466498351286 0.06037699400955034 0.07815669303247778
4 0.42555303838976943 0.23947850649878194 0.05725199400955035 0.07790160151720879