0 0.5075569566950062 0.5459630559800678 0.8763721494796017 0.171397159154672
1 0.5 0.5016521375692138 1 0.9966957248615724
3 0.4772962466090981 0.5549980945367308 0.05147396879233561 0.031329145588778216
3 0.4760989167809145 0.5329729002122567 0.06257524310259513 0.03515505243632351
4 0.13145480212702196 0.5579195288390555 0.08386374491161734 0.08479410703211539
4 0.20855289066163268 0.5675634415466968 0.08707063206674714 0.08655686613141392
4 0.27471347919624345 0.5765064474067929 0.09003185775648763 0.08363212523071262
4 0.3516887369981596 0.5884941101144344 0.09159435775648764 0.08373225478036198
4 0.4364764948000756 0.6009824205703224 0.11387879353213641 0.09294656847545255
4 0.15641161578554633 0.36590200956072394 0.08682497060135783 0.08186936613141409
4 0.23445472863041655 0.37247098704319 0.09348440637700665 0.09008238433001133
4 0.3107715671650273 0.3820648349760068 0.11560506784239592 0.09617169802510181
4 0.7388777142697798 0.14063041563307685 0.09981629353213642 0.0920454025286086
4 0.8105070528043905 0.14992387491694564 0.10302318068726599 0.09380816162790725
4 0.8890857541838715 0.16123041717423633 0.10170634215265544 0.09839553207825791
4 0.9552463427184822 0.1701734230343325 0.08230124491161739 0.08469397748246603
4 0.9888400927184822 0.17232620835179288 0.014949970601357877 0.07726340684754525
4 0.8315887624400728 0.989484913630492 0.08361808344622794 0.021030172739015994
4 0.8784637624400728 0.9918880228220758 0.02736808344622794 0.016223954355848492
2 0.0798901436023088 0.9136293082964198 0.10754690637700662 0.09098355027685515
2 0.16167573213691955 0.9235736096530089 0.09192190637700656 0.08998225478036197
2 0.6809701232487781 0.6323277598652657 0.08682497060135788 0.0818693661314139
2 0.7534625989385187 0.6401087839239592 0.08682497060135788 0.08186936613141409
2 0.822543469585305 0.653158298883354 0.08682497060135788 0.0818693661314139
2 0.893309670964786 0.6639641933923981 0.08065685775648745 0.08303134793281686
2 0.9329487030769616 0.6704237469084557 0.02868492198083885 0.0719145727943891
2 0.8462653318643485 0.4547906500553732 0.08262879353213641 0.09094397748246603
2 0.9194571703989591 0.46418423888889127 0.07761374491161739 0.08439358883351815
2 0.9591371460886997 0.46986254240494907 0.02079053482570927 0.06985142504614253
2 0.18377081241532892 0.06821548118309387 0.09257700361804462 0.10248225478036199
2 0.2593064009499397 0.07775926434108595 0.07785940637700665 0.08908108883351809
2 0.3282644408640314 0.09315252930048075 0.08098440637700666 0.08928134793281672
2 0.3901469651742909 0.09398264651162892 0.09356629353213641 0.0916448843300113
2 0.4686028358210773 0.10763293876891963 0.10820200361804452 0.10348355027685519