1 0.5 0.5 1 1
3 0.2898226103911511 0.2881234703051393 0.04303297970746058 0.06696616514942809
3 0.27613225730689595 0.3201922890487029 0.04141593262955982 0.06270008387166762
4 0.9561061294658746 0.2663337256757254 0.079352309252765 0.09800008065951239
4 0.9403896262194635 0.33411516657755275 0.07633640340856687 0.10623940657359311
4 0.18365225121781598 0.04794015519132242 0.07778980925276527 0.09588031038264484
4 0.16570109212720646 0.1064223850406352 0.07620003571381498 0.09575722628009199
4 0.15243743303659696 0.16570826796712154 0.07932503571381497 0.09590364460081212
4 0.13767945779336327 0.21982626990721743 0.07929776217486464 0.0938072085421119
4 0.12514250162485308 0.28326842037092415 0.0857932240254177 0.11296796971185409
4 0.5124013993546722 0.7637714939308394 0.07776253571381489 0.095830435440452
4 0.49986444318616197 0.8272136443945461 0.07929776217486459 0.09380720854211173
4 0.4889718076345028 0.8842932775217921 0.0761454886359143 0.09156435416269164
4 0.4765848559302195 0.9362050296626477 0.07606366801906325 0.08527504598659101
4 0.46911722930701405 0.9700774478234714 0.06425341477265238 0.01767662798566377
4 0.26810592857566534 0.8171208441210127 0.07452844155801355 0.08729827288493104
4 0.2587212459461055 0.878320140205299 0.07134889448011297 0.0829589824468105
4 0.2535837325534249 0.9131309626549328 0.0645534237011061 0.04073742463136607
2 0.6542493490270653 0.18305202605601692 0.07310230925276535 0.09770724401807215
2 0.6379152370143565 0.23829145518582295 0.06986821509696384 0.0891750814625512
2 0.6262277146932222 0.29645591092259915 0.07611821509696384 0.08946791810399143
2 0.6121964423720877 0.3547301803999154 0.07452844155801372 0.08729827288493117
2 0.5957123258951521 0.4215000078525726 0.07781708279171565 0.10002330755785242
2 0.41859426704612857 0.11238220756125758 0.06986821509696384 0.08917508146255117
2 0.4053715182639445 0.16852343639969358 0.07625458279171564 0.09995009839749242
2 0.3935749017870089 0.23507363637127057 0.07957049756436803 0.114771569129114
2 0.060472480928571826 0.6330471407596711 0.08409435633066598 0.10241258025799287
2 0.04955257183796229 0.6922232099456173 0.08088753571381496 0.09597685376117235
2 0.038791057225818056 0.7440983575062929 0.07758211445163611 0.09171077248341175
2 0.03176860268051329 0.8022628132430689 0.06353720536102658 0.0893947089436315
2 0.025136773135208533 0.8413397169704631 0.050273546270417066 0.048976750545447034
0 0.48436967695081223 0.5178562222114158 0.24580261282019258 0.8893880826493965