1 0.504086494539051 0.4907903708747066 0.7605497398446591 0.9815807417494132
3 0.1304535518188392 0.5334094070979689 0.047129530054229284 0.06088001318110893
3 0.3031507084346975 0.5146541363253285 0.040861349336070066 0.05637378920140558
3 0.3249257144848217 0.5363823523963666 0.037718168617910844 0.05203734387822057
3 0.6273785487937771 0.49495626737821363 0.05813066256778665 0.0760575718122567
3 0.6572796722321481 0.4443850368079557 0.05029089149054773 0.06938312517096072
2 0.35806650917338223 0.10135123249784954 0.05969316256778665 0.07614246114051584
2 0.3656108435805335 0.16238511918988693 0.05813066256778665 0.07605757181225664
2 0.3676864279876847 0.22371611853083148 0.05656816256778665 0.07597268248399741
2 0.21108540740142517 0.6706618286951578 0.06128293364502548 0.08247735046877504
2 0.21704451591087742 0.7369889380487877 0.05812157220870695 0.07397423847892336
2 0.2238121454975685 0.7970236027382881 0.05970225292686626 0.0782257944738492
2 0.22978488954564016 0.8602257120919179 0.058157933645025486 0.0823075718122567
2 0.2334047932346322 0.92563848877127 0.05813975292686617 0.07814090514559004
2 0.8333734978587006 0.7212084313838711 0.06127384328594587 0.08039401713544171
2 0.835426356368153 0.7877477640581491 0.05814884328594587 0.08022423847892336
2 0.5407057714700223 0.3101267364273949 0.05814884328594587 0.08022423847892336
2 0.5339654129605701 0.24384207173789454 0.05813066256778665 0.07605757181225664
2 0.529541533373879 0.18368007305600548 0.05499657220870695 0.0738044598224049
2 0.5266892441462675 0.12134985171252381 0.06282725292686635 0.07839557313036755
2 0.522279000098196 0.058062853030634735 0.059674981849627426 0.07197579447384918
0 0.5025239945390509 0.46841408030561543 0.13341454722264318 0.8612124809121794
4 0.1618409489667277 0.14221317652771104 0.058157933645025486 0.08230757181225663
4 0.16626482855341881 0.20237517520960016 0.056586343285945875 0.08013934915066408
4 0.17614382260149047 0.2653650612425821 0.05813975292686626 0.07814090514558997
4 0.17743361182910192 0.3277801719143229 0.056595433645025485 0.08222268248399753
4 0.18339726551809396 0.39306561460128614 0.05813975292686622 0.07814090514559004
4 0.4231763412428425 0.7528668800519082 0.05970225292686635 0.0782257944738492
4 0.42758658529091403 0.8161538787337972 0.05813975292686635 0.07814090514559004
4 0.4327826245185255 0.8783567660848901 0.056577252926866176 0.07805601581733086
4 0.5621030067374952 0.5974375078343033 0.056568162567786476 0.07597268248399729
4 0.7708892169207087 0.022568340203840822 0.05971134328594587 0.045136680407681644
4 0.7776386657892405 0.06918344786025739 0.05814884328594587 0.08022423847892331
4 0.5704104104264873 0.6625956165288778 0.05970225292686635 0.0782257944738492
4 0.5740530400131784 0.7228000598748966 0.05814884328594587 0.08022423847892336
4 0.57846328406125 0.7860870585567855 0.05500566256778665 0.07588779315573836
4 0.5828780732888615 0.8483323905720079 0.05501475292686635 0.07797112648907169