3 0.07734375 0.5390625 0.04453125 0.05703125
1 0.5109375 0.50078125 0.81953125 0.9359375
4 0.13984375 0.08359375 0.06484375 0.078125
4 0.140625 0.159375 0.06015625 0.07421875
4 0.15 0.23359375 0.065625 0.0796875
4 0.14453125 0.30625 0.06328125 0.0765625
4 0.14453125 0.3859375 0.06328125 0.0828125
4 0.390625 0.76953125 0.06953125 0.0828125
4 0.39375 0.8453125 0.06796875 0.0765625
4 0.39140625 0.91875 0.065625 0.08125
4 0.871875 0.15390625 0.0734375 0.0765625
4 0.8734375 0.07890625 0.07265625 0.078125
4 0.56875 0.62265625 0.07265625 0.08359375
4 0.56875 0.69765625 0.07265625 0.08359375
4 0.5734375 0.77265625 0.06796875 0.0796875
4 0.5734375 0.846875 0.0625 0.0828125
4 0.575 0.92421875 0.06484375 0.08359375
3 0.31796875 0.4671875 0.0515625 0.05859375
3 0.7859375 0.4890625 0.03671875 0.05234375
3 0.32109375 0.525 0.05546875 0.059375
3 0.74921875 0.4953125 0.04765625 0.05703125
2 0.86328125 0.8390625 0.065625 0.078125
2 0.88359375 0.91171875 0.0671875 0.0828125
2 0.56484375 0.384375 0.0625 0.0796875
2 0.5671875 0.30390625 0.0625 0.078125
2 0.56953125 0.22890625 0.06484375 0.0765625
2 0.5671875 0.15546875 0.06484375 0.07109375
2 0.56484375 0.08203125 0.0625 0.07578125
2 0.39609375 0.0828125 0.0734375 0.0828125
2 0.39609375 0.1546875 0.0671875 0.08125
2 0.39140625 0.234375 0.06328125 0.08125
2 0.14375 0.6125 0.0671875 0.08671875
2 0.1453125 0.69140625 0.06953125 0.0765625
2 0.14453125 0.7671875 0.0703125 0.0828125
2 0.14375 0.84140625 0.0734375 0.08671875
2 0.14296875 0.91953125 0.06953125 0.08515625
0 0.5109375 0.5 0.06171875 0.8953125