1 0.5 0.5 1 1
3 0.3255049030825938 0.4474605375431565 0.03718075256024882 0.07748638257342363
3 0.2933602610174539 0.491897621776254 0.04544827886860805 0.08589087842423862
0 0.4577258688817268 0.4643014355757771 0.19448470435815607 0.9286028711515542
2 0.029287139646065507 0.4196370711608429 0.058574279292131014 0.1263508576783142
2 0.027102284342041354 0.317648518671332 0.05420456868408271 0.09282796265733602
2 0.026616436930524977 0.233510317011658 0.053232873861049954 0.10485436597668399
2 0.025994081626500833 0.14390336535198406 0.051988163253001665 0.09656826929603186
2 0.32016089554302185 0.8196548462564449 0.08725634727034208 0.10928175684847723
2 0.3242120877352187 0.9103507012354667 0.08643729991529536 0.09521925684847724
2 0.8778982158697201 0.041256697811228066 0.09468941567207594 0.08251339562245613
2 0.5261588085136749 0.6080391495711484 0.0837673262236546 0.10279495850815117
2 0.5287840085983795 0.6965096537203332 0.08349431043863902 0.09810745850815117
2 0.532281463944756 0.7833584582844366 0.08211382096198286 0.10111405933798814
2 0.5349066640294605 0.8718289624336215 0.08220482622365459 0.10267655933798814
4 0.9027612929404208 0.8058423066154738 0.08881884727034191 0.10940015601864025
4 0.5178204766754125 0.3372180867086752 0.08651289462538862 0.1232258576783142
4 0.5142698134224108 0.23792848172965336 0.08193181043863902 0.09798905933798814
4 0.5108633633377062 0.14951717716555 0.07880681043863902 0.09775226099766213
4 0.5075024158838376 0.06032462260144662 0.07898882096198286 0.10087726099766212
4 0.5062199079207426 0.009583874475546405 0.08131018415851479 0.01916774895109281
4 0.3041737475809255 0.19940246845690615 0.09745039462538863 0.12405465186945541
4 0.2975435869587598 0.09956841181821033 0.08836382096198277 0.10158765601864025
4 0.29166458425733677 0.03214734263171355 0.08369173151356132 0.0642946852634271
4 0.03288367004185298 0.6881735836083975 0.06576734008370597 0.1091633576783142
4 0.03445423982959215 0.782053638172501 0.0689084796591843 0.08428175684847723
4 0.036339475395288146 0.8704649427366042 0.07267895079057629 0.09678175684847723
4 0.04056846096098415 0.9501048985454631 0.0811369219219683 0.09244945435896632