3 0.6224801460089833 0.10181287408495063 0.06597222958157989 0.055432934675363255
1 0.4997817451906766 0.50625 0.9995634903813532 0.9875
4 0.16505951560909662 0.0628829026893626 0.09340774881887363 0.0807420173456358
4 0.23870534673462265 0.08015276603277122 0.08850199400955017 0.07443747334499946
4 0.3089260774973289 0.10598001670908896 0.09502481252120454 0.08232269867918122
4 0.3804736952833438 0.11619135805217942 0.09017362141421188 0.07758065467854491
4 0.45799849455770436 0.13428792472945167 0.09647818511654283 0.07921588001272668
4 0.771031685579879 0.45837305144013146 0.09825893992586625 0.08548406134627218
4 0.8438144211519087 0.4779775741167674 0.09195437622353567 0.08384883601209037
4 0.9152529115332619 0.49131391545985786 0.09658731252120419 0.08234088001272681
4 0.05673848476942152 0.7923880420114541 0.09368056733052792 0.08855451734563573
4 0.01532981180341431 0.7768897640038179 0.03065962360682862 0.08815452800763594
4 0.5847618249654403 0.6000140167488599 0.09993056733052796 0.08862724267981754
4 0.6576536879421317 0.6164935394254958 0.09993056733052796 0.08862724267981754
4 0.7296006098118305 0.6376514714353589 0.09513393992586608 0.08544769867918127
4 0.8017385046396874 0.6533406534452222 0.09647818511654264 0.07921588001272664
4 0.8761110220628826 0.6721821074554034 0.09809524881887377 0.080796561346272
3 0.49447416398033256 0.3207254114019514 0.07093254809323427 0.06329997867599957
3 0.4025420580903992 0.7823436167249973 0.06106647477225664 0.04912839067472703
3 0.550178526957024 0.3370049394095874 0.07265873920022674 0.06800566000954503
3 0.41780495954167807 0.7481322487269063 0.0660813569862416 0.0585579346753633
2 0.723921006368968 0.9345810154359953 0.09340774881887359 0.08074201734563573
2 0.7891541367688545 0.9638839707192703 0.09814981252120454 0.07223205856145931
2 0.3546130226958547 0.5434078387173613 0.09335318511654274 0.07917951734563573
2 0.27619784601683245 0.5284271813733163 0.09179068511654283 0.07916133601209019
2 0.2024428874866447 0.5142823180299076 0.09184524881887368 0.08072383601209036
2 0.13197662006344957 0.49548631735359 0.08715774881887364 0.08066929201145392
2 0.060701820789088964 0.4774624760104995 0.08861112141421193 0.07756247334499947
2 0.10239579138499426 0.31303689668204476 0.09998513103285878 0.09018974267981754
2 0.1721899362128511 0.3286988066915898 0.0966418762235354 0.08390338001272664
2 0.2506869584453697 0.34133571403563473 0.09491568511654283 0.07919769867918128
2 0.6782638653389441 0.18296342409290484 0.10294643992586625 0.08553860534690845
2 0.7541988827621393 0.20182305943663162 0.0919543762235353 0.08384883601209037
2 0.8278992775899962 0.21753042278004023 0.0983135036281972 0.08704656134627217
2 0.9000371724178532 0.23321960478990342 0.1047271947351895 0.0918067866804539
2 0.9596750672457098 0.24876333613140306 0.06700893992586643 0.0851204346753632
0 0.4798139193378102 0.5167282547342241 0.8976835649682752 0.25722017878735814