0 0.5327637488683462 0.5323331909947441 0.7044152623244718 0.20541893122718177
1 0.5339953782215598 0.5056665732472528 0.8367407564431197 0.9886668535054942
3 0.5147097896869491 0.5464428506220739 0.03280585594746519 0.03871029211580133
3 0.48131967831241695 0.3339376838008082 0.03601274310259513 0.04089276598028942
2 0.26980888398731107 0.9556702394495366 0.06955558344622811 0.08865952110092701
2 0.3234694725219218 0.9562827645515987 0.0756418091359686 0.08743447089680265
2 0.3840384803238379 0.9567700613038322 0.06906426051544959 0.0852315759197304
2 0.43831654454818914 0.9527494702550772 0.07407930913596861 0.09319571823616263
2 0.49785864088471604 0.9445744748856868 0.07399742198083885 0.0913195456282825
2 0.15791539857509046 0.12476485913478061 0.07744997060135787 0.09913053731641057
2 0.7632402221832375 0.7333316395806159 0.07087242198083885 0.09101324437167421
2 0.820848004295413 0.7343077813081689 0.06930992198083885 0.09086009374337019
2 0.8768932864075888 0.7351307724074179 0.06930992198083885 0.09086009374337019
2 0.6268755970138954 0.5854591343498662 0.06914614767057933 0.08710774852761034
2 0.6852236855485062 0.5855737650876314 0.06914614767057933 0.08710774852761034
2 0.7434489433504223 0.5828741369135767 0.0707905348257091 0.08913707176379429
2 0.8017560883074681 0.582050681347402 0.07366987336031983 0.083814855196763
2 0.8601451204196436 0.583103398389107 0.0706267605154494 0.08538472654803445
2 0.21618159995457145 0.12300331726466586 0.07407930913596861 0.09319571823616253
4 0.9076530427391667 0.9408396091586475 0.07407930913596843 0.09319571823616263
4 0.8502090349372509 0.9436158126468543 0.07407930913596843 0.09319571823616242
4 0.7911206399802049 0.9443626928988771 0.06906426051544959 0.0852315759197304
4 0.7326906642904644 0.9423718895532319 0.07407930913596861 0.09319571823616242
4 0.6760688500661132 0.9461627546595307 0.07062676051544958 0.08538472654803465
4 0.2197524937799636 0.5969284164508813 0.07720430913596861 0.09350201949277069
4 0.28114369515944454 0.5954731758373749 0.07720430913596861 0.09350201949277069
4 0.3371070901164904 0.5944199943287439 0.0787668091359686 0.09365517012107473
4 0.3945920414959714 0.5925818771444772 0.07580558344622812 0.09710121408022651
4 0.19569311680159912 0.4021511315562078 0.07251680913596861 0.09304256760785838
4 0.25202832598299624 0.39179366232232926 0.06930992198083885 0.09086009374337019
4 0.706531040252776 0.3251876768748887 0.0723530348257091 0.08929022239209854
4 0.7634427815463487 0.3102163514354624 0.07391553482570892 0.08944337302040267
4 0.8203102572360892 0.31205400415280343 0.07235303482570891 0.08929022239209854