0 0.5333333774894797 0.4404938254449982 0.6001141058051154 0.247064905965306
1 0.533797168959292 0.4934640183731676 0.726969337918584 0.9869280367463352
3 0.5126662134243292 0.42717872505753723 0.03697421034428618 0.046236565042356875
3 0.5134573871081265 0.4603595030895739 0.04484127404661713 0.0491245259037188
4 0.27308535825218605 0.4237883136852381 0.06377481252120454 0.1236702594783492
4 0.32596482159169715 0.40941333772271327 0.0653918762235353 0.12607851526618225
4 0.37105906678237377 0.39678215786182486 0.06679068511654282 0.1193334529762121
4 0.4223214664195541 0.3802387786482314 0.0684077488188736 0.12174170876404515
4 0.47977930235440347 0.36092736484165816 0.08586806733052796 0.13450254531350392
4 0.3086756617877159 0.7018900438528898 0.06522818511654283 0.11921352670782985
4 0.3616915343830541 0.6932358916889918 0.07013393992586625 0.1287266235907798
4 0.4130084977225653 0.6789808419948492 0.0859771947351895 0.13907920435240553
2 0.6453943786706061 0.31497443922691243 0.06522818511654283 0.11921352670782985
2 0.6952852512659444 0.30656013959977896 0.06522818511654283 0.11921352670782985
2 0.7417783053496284 0.28694404491215597 0.06522818511654283 0.11921352670782985
2 0.7891344549868087 0.2707004813695181 0.060649812521204535 0.12343040694158469
2 0.8155605457309815 0.2629409110083929 0.02589286660488881 0.10477372240101974
2 0.7752431136944816 0.5743789825601842 0.062430567330527965 0.13270365128777015
2 0.8250248588851582 0.561388023894149 0.05908731252120454 0.12331048067320245
2 0.8522594814804965 0.5547126551585582 0.019588302902557687 0.10200568780804001