3 0.4518177702020427 0.46415951141287726 0.08504127153942491 0.0770261083130606
3 0.5082041640175269 0.5222765384420446 0.07399451089576328 0.07539997579950324
1 0.5 0.5 1 1
4 0.6471917102753446 0.05296397794080251 0.08391581411407181 0.08326701795398088
4 0.7098720267352052 0.04473838748352702 0.07911905347041034 0.08167724687674202
4 0.771989614482389 0.03963325184671173 0.07835422896477802 0.07073974687674203
4 0.8371229415859112 0.03298379692805568 0.08049588317182241 0.056695427594901274
4 0.9050370612640805 0.03259797754801904 0.08507412252816096 0.05516019867214013
4 0.7436403753781523 0.11443780912649995 0.07900979282674854 0.08011474687674203
4 0.8063206918380127 0.10621221866922448 0.08213479282674854 0.08013292759490129
4 0.8657667476542116 0.09640594749378975 0.0819162715394249 0.0770079275949013
4 0.9261579444359029 0.08894797149789484 0.07733803218308673 0.07854315651766242
4 0.813127702733776 0.18122130902830408 0.08860331411407216 0.08329428903121974
4 0.8776054659753278 0.16519685410964802 0.07879127153942492 0.07698974687674207
4 0.938777912757019 0.1577434232932929 0.07879127153942492 0.07698974687674207
4 0.8828499768710911 0.24019685410964806 0.08213479282674854 0.0801329275949012
4 0.9468196417217973 0.22807410401145214 0.08213479282674854 0.0801329275949012
4 0.9601940908492772 0.2922002365250095 0.07961181830144567 0.0801420179539809
2 0.4174848729554892 0.955947035613374 0.08391581411407198 0.08326701795398109
2 0.3493358064956288 0.9632090480082102 0.08180701089576328 0.07358190398357962
2 0.10189345190059682 0.7088982770291672 0.07421303218308672 0.07852497579950324
2 0.1796467473252354 0.7710442739059091 0.08213479282674849 0.0801329275949012
2 0.11613055054354404 0.7784840691836449 0.07555701089576328 0.07540906615858275
2 0.2534937927498739 0.8331675448849521 0.07890053218308672 0.07855224687674216
2 0.18863361725550604 0.8437232498036081 0.07890053218308672 0.07855224687674181
2 0.13093037789916778 0.8449494065176623 0.07868201089576328 0.07542724687674181
2 0.14883877976042367 0.9223658793902993 0.078791271539425 0.07698974687674216
2 0.2130815962202841 0.9141493792921036 0.08391581411407198 0.08326701795398109
2 0.27510634881817414 0.896548788834828 0.08525979282674853 0.0801511083130606
2 0.3381690775308507 0.8937919483775525 0.08525979282674853 0.0801511083130606
2 0.2791325671392905 0.9645670149289188 0.08158848960843983 0.07086597014216238
2 0.21098350067943006 0.9729607770291672 0.08038662252816069 0.05407844594166562
2 0.15344415228858438 0.9767215812838934 0.06421531930985207 0.04655683743221317