1 0.5 0.5 1 1
0 0.5087665491056601 0.5242788476472308 0.9143196859797917 0.1966508369940058
3 0.4414484964846183 0.3395221900102687 0.06391833605604162 0.06687893607513909
3 0.45890744699770847 0.2823354616675076 0.06558993882958326 0.0718651484295544
2 0.9645882500937155 0.9430087199204386 0.07082349981256897 0.08526335300269844
2 0.9106817265360772 0.9460690289234317 0.07035017401194459 0.07536715701489506
2 0.8522698144919799 0.9513937579405503 0.07056837955902787 0.08518712428167084
2 0.7946027848567022 0.9551199401070531 0.07369337955902786 0.08533958172372567
2 0.7353550714258341 0.9576027716820368 0.07681837955902786 0.08479445663592645
2 0.8418426610941667 0.06068910080681292 0.07118532218833344 0.04271016151333665
2 0.7833398300721182 0.06192217679610821 0.07292966014423623 0.050969696290010545
2 0.25428233690906304 0.6966057111748045 0.07681837955902786 0.0854920391657805
2 0.19663349106937555 0.7011502239468721 0.07216724715020839 0.08690001421382774
2 0.13898464522968806 0.7056947367189396 0.07997974715020839 0.08728115781896464
2 0.33741757275701423 0.46932507253805794 0.07362064437666671 0.08206625930146708
2 0.2812766755305559 0.471490822214459 0.0800524823325695 0.09055448024122323
2 0.22050282969086843 0.47588287754447167 0.07678201196784729 0.08385537795465121
2 0.16752330005559063 0.4798377458740568 0.07042290919430565 0.07864047943715365
2 0.106022755602674 0.48664667866024985 0.06893314437666671 0.08183757313838501
4 0.12164057028847228 0.1007578474040962 0.07663654160312508 0.07730873311013413
4 0.05703320963114592 0.10823265335379902 0.07830814437666674 0.08229494546454943
4 0.6621077950215976 0.43611892453839435 0.07838087955902787 0.08556826788680812
4 0.7221185746568753 0.4325070854534326 0.0674070119678472 0.08339800562848688
4 0.7797310529053822 0.42632591147023563 0.07049564437666689 0.08191380185941224
4 0.8350361487450698 0.421667055616627 0.07838087955902787 0.08556826788680792
4 0.8958463621759378 0.4189116614977435 0.07511040919430556 0.078869165600236
4 0.9257378031897228 0.6402622539310725 0.07354790919430557 0.07879293687920849
4 0.8657452073500351 0.644692423621599 0.07049564437666689 0.08191380185941242
4 0.8088594277147575 0.6484567201486156 0.07369337955902786 0.08533958172372567
4 0.40815744500093826 0.9733112863552766 0.07812630642076393 0.0533774272894468
4 0.3519801801832994 0.9752887205200693 0.07173083605604172 0.04942255895986145
4 0.2950398491612508 0.9779320278483715 0.07623649810013892 0.04413594430325686
4 0.23804496675243136 0.9781584577204937 0.07772626291777787 0.043683084559012555
4 0.179560319525973 0.9816200956543607 0.0790705573706945 0.03675980869127867