1 0.5 0.5 1 1
3 0.67890625 0.6509637503289761 0.0625 0.04812042574646931
3 0.646875 0.6688285935240417 0.059375 0.047901904459146036
4 0.72265625 0.0059779403254034994 0.0890625 0.011955880650806999
4 0.6546875 0.018647185129623406 0.096875 0.03729437025924681
4 0.91328125 0.7314496537797159 0.0890625 0.08747785668871888
4 0.85234375 0.7568045688825235 0.0875 0.08424359604505724
4 0.79453125 0.7764722126980077 0.0890625 0.08904035668871906
4 0.740625 0.7989917049043376 0.0859375 0.09038433540139543
4 0.678125 0.8189871306508071 0.1015625 0.0961644418380125
4 0.2171875 0.47856277053101887 0.0859375 0.08725933540139544
4 0.1546875 0.4985581962774882 0.0859375 0.08725933540139544
4 0.0984375 0.5165540794493106 0.0828125 0.08547831411407199
4 0.04375 0.5352219519774714 0.08125 0.08224405347041035
4 0.00859375 0.5470553164598605 0.0171875 0.06526436708027905
4 0.15703125 0.7343318053119956 0.0796875 0.08369729282674854
4 0.09609375 0.7510929704148033 0.0734375 0.08013525025210164
4 0.0609375 0.7605825848971923 0.0328125 0.06791947351689646
2 0.79453125 0.26709721269800774 0.0890625 0.08279035668871888
2 0.7390625 0.29050721554799935 0.0796875 0.07744729282674845
2 0.68125 0.3086123593634835 0.08125 0.08536905347041017
2 0.62421875 0.32978787285713684 0.078125 0.08202553218308672
2 0.5578125 0.3539627002127606 0.0921875 0.08925887797604233
2 0.85625 0.4995001672733692 0.08125 0.08068155347041017
2 0.80078125 0.5197851701233608 0.090625 0.08602461733238069
2 0.734375 0.5392724974789844 0.10625 0.09024222376899793
2 0.33046875 0.9245476238655431 0.09375 0.09561813861970378
2 0.27265625 0.9403090176810271 0.0859375 0.08725933540139544
2 0.22109375 0.9525083689218643 0.0828125 0.06985331411407217
2 0.1625 0.9644181430591796 0.078125 0.05390053218308708
2 0.1234375 0.9749621591507228 0.040625 0.035653276735205
0 0.46015625 0.4787602404416191 0.8703125 0.3483581785195863