0 0.5015336662802199 0.47436598858260337 0.10779744456692342 0.9487319771652067
3 0.5119808077707676 0.39954309550165934 0.0848295179539809 0.09967928317223435
3 0.5078250937769252 0.2894623848183558 0.058167024004105096 0.07724356194994814
3 0.5115990126894235 0.47878837852052725 0.06127384328594587 0.07366774224912943
3 0.48785244048071663 0.5444225609530662 0.06126475292686635 0.07178094979629925
3 0.4874979164766115 0.6180074666134435 0.06129202400410509 0.07744132715478981
1 0.49915355484390134 0.498220113156425 0.8954428903121974 0.99644022631285
4 0.6630403554843902 0.024017242092319774 0.0722386143631848 0.04803448418463955
4 0.6564631025575239 0.07634439398392676 0.0706670240041051 0.07803462276931482
4 0.6521659671171003 0.15772367596167697 0.07226588544042371 0.08568067518305643
4 0.4513806928184076 0.02458446293463306 0.0722386143631848 0.04916892586926612
4 0.4455801447120017 0.078372790593758 0.07380111436318479 0.08011918042698668
4 0.43900743696467515 0.14574945307891302 0.0675511143631848 0.07972365001730335
4 0.44336313885826917 0.21432072979995243 0.0675420240041051 0.07783685756447316
4 0.4430177052132437 0.2860188430074996 0.07226588544042353 0.08568067518305643
4 0.13960025108015453 0.8522235552942645 0.07694429508134393 0.08409053053748876
4 0.12206731743512904 0.9250093771284409 0.07225679508134393 0.08379388273022603
4 0.8764149707313376 0.6235743778559393 0.07223861436318443 0.08002029782456566
4 0.8768689678044714 0.6914494648566156 0.07069429508134384 0.08369500012780541
4 0.8741888745185256 0.7614091095149639 0.07228406615858277 0.0894542600887168
4 0.8629195764121196 0.8309692122602116 0.07067611436318444 0.07992141522214503
4 0.8703957331261737 0.9002861200028244 0.06914088544042371 0.08548290997821476
2 0.8934454729708328 0.024743518088311683 0.07226588544042371 0.04948703617662337
2 0.8946852652235062 0.07352894805814603 0.06910452400410491 0.07793574016689397
2 0.89280005747618 0.14060896273603854 0.06598861436318479 0.07962476741488252
2 0.8901381449083934 0.20679502248872644 0.06752384328594588 0.07406327265881278
2 0.8897927112633678 0.2784931356962736 0.07067611436318444 0.07992141522214503
2 0.6312701214934634 0.7664079957008373 0.06758747579950324 0.08727081982862411
2 0.6293621878484379 0.8382049915108053 0.06910452400410509 0.077935740166894
2 0.6298252752806514 0.9041932860586515 0.06911361436318479 0.07982253261972419
2 0.43119791950167363 0.6319445987911596 0.07067611436318462 0.07992141522214503
2 0.4246252117543472 0.6993212612763146 0.07068520472226432 0.08180820767497522
2 0.4188155732888615 0.7704220673659196 0.06756020472226432 0.08161044247013353
2 0.421595139643836 0.841922415368625 0.0675420240041051 0.07783685756447316
2 0.41969629635789013 0.9118326187257628 0.06756929508134384 0.08349723492296374
2 0.12767957240509872 0.08434445679017098 0.0675874757995032 0.08727081982862411
2 0.1310909187161067 0.030002948550692913 0.0721931625677866 0.060005897101385826