1 0.5 0.5127609427609428 0.9557343750000001 0.9441582491582492
0 0.502609375 0.5106734006734006 0.044265625000000065 0.9231313131313131
2 0.068359375 0.07856902356902357 0.061203125000000004 0.07015151515151513
2 0.06640625 0.1473063973063973 0.065109375 0.0785690235690236
2 0.4453125 0.6741077441077441 0.0703125 0.07154882154882154
2 0.442703125 0.7435521885521886 0.06770312500000006 0.07575757575757576
2 0.442703125 0.8087878787878788 0.059890625000000065 0.0687373737373738
2 0.439453125 0.8747138047138048 0.06379687500000006 0.06873737373737361
2 0.440109375 0.9406565656565656 0.0625 0.06873737373737361
2 0.63215625 0.805976430976431 0.06901562499999994 0.07996632996632996
2 0.630203125 0.8761279461279461 0.07292187499999994 0.06873737373737361
2 0.630203125 0.9441582491582492 0.0625 0.07294612794612783
2 0.9303437499999999 0.35003367003367003 0.07160937499999989 0.07715488215488213
2 0.9283906249999999 0.2798821548821549 0.06770312499999989 0.07715488215488213
2 0.93359375 0.21535353535353538 0.07551562499999989 0.06313131313131314
2 0.9329375000000001 0.1465993265993266 0.06640625 0.07436026936026933
2 0.93359375 0.07856902356902357 0.0703125 0.07294612794612797
4 0.4420625 0.07996632996632996 0.06901562499999994 0.07575757575757576
4 0.4420625 0.1459090909090909 0.06379687500000006 0.07294612794612797
4 0.44075 0.21183501683501682 0.06640625 0.07856902356902355
4 0.443359375 0.2812794612794613 0.061203124999999935 0.07154882154882154
4 0.444015625 0.35424242424242425 0.06510937499999994 0.08557239057239055
4 0.63671875 0.21885521885521886 0.07551562500000006 0.0785690235690236
4 0.6360625 0.1494107744107744 0.07160937500000006 0.07715488215488213
4 0.63346875 0.08067340067340067 0.06901562499999994 0.07436026936026933
4 0.9296875 0.6776094276094277 0.06770312499999989 0.07575757575757576
4 0.9270781250000001 0.7449494949494949 0.06770312499999989 0.06734006734006734
4 0.927734375 0.8101851851851852 0.06901562500000011 0.07715488215488223
4 0.9264374999999999 0.8761279461279461 0.06901562500000011 0.07154882154882154
4 0.9244843749999999 0.9441582491582492 0.06510937500000011 0.07015151515151527
4 0.063796875 0.8768181818181819 0.067703125 0.06734006734006734
4 0.065109375 0.9434680134680133 0.0703125 0.07436026936026949