1 0.5251490908810821 0.5041323306204482 0.8471731817621642 0.9917353387591037
0 0.5266523912960006 0.5394412022710909 0.7142060551888033 0.16474118856018097
3 0.3258432174312209 0.22297751045017594 0.041785680913749526 0.04881363649680383
3 0.34551710000464436 0.2660428120960712 0.04526587842423861 0.055020314718135406
4 0.800817138797201 0.09182224081984477 0.07663427759440182 0.05954741439176903
4 0.7390983887972008 0.08679986975806929 0.07507177759440165 0.059420265757293686
4 0.6752134875524454 0.08456296622077131 0.07542697510489074 0.0653726467096746
4 0.6161344854778529 0.08469163557102628 0.07601897095570571 0.07529328163030956
4 0.5560374350629343 0.08078847663578963 0.08082487012586874 0.0776588545178625
4 0.1817640985547519 0.3751359096368958 0.08236405933798818 0.10345250531151325
4 0.2446901510442628 0.3743330483807656 0.07900226099766208 0.09922995407430876
4 0.30533165311885524 0.37433152766498595 0.08224566016782511 0.10146837832738637
4 0.2099636439952929 0.6262166730299361 0.07611405933798814 0.102943910773612
4 0.27355254731464085 0.6234932591069166 0.07888386182749904 0.09724582709018179
4 0.3373782489743148 0.6247380991521512 0.07419636182749904 0.09686438118675568
4 0.3965164506339887 0.6256014932939595 0.07395956348717299 0.09289612721850171
4 0.4577616039533366 0.6226873564192271 0.07564046265733601 0.09500740283710406
4 0.8427332128810507 0.971055437067507 0.07720296265733602 0.05788912586498602
4 0.9049372149556432 0.9706857935980607 0.07419636182749904 0.05862841280387845
2 0.14891201929603187 0.0851739471016663 0.0788838618274991 0.09724582709018173
2 0.21015717261537978 0.08225981022693384 0.07395956348717307 0.09289612721850177
2 0.3967691788391571 0.08263669398302087 0.07407796265733602 0.09488025420262874
2 0.3337839267645647 0.08244749174708751 0.0740779626573361 0.09488025420262874
2 0.27386447510489076 0.08152052328804135 0.07384116431700996 0.09091200023437478
2 0.7108945688857577 0.369818908564634 0.07395956348717299 0.09289612721850171
2 0.7723173209603502 0.369880962166092 0.07384116431701013 0.09091200023437472
2 0.8360838230349426 0.37013373871926303 0.07876546265733637 0.09526170010605468
2 0.8654314713799132 0.6143972063023342 0.08080155933798813 0.10332535667703788
2 0.7984807697202392 0.612898068988149 0.07587726099766208 0.09897565680535803
2 0.7387981164008913 0.6159393544973568 0.07923905933798814 0.10319820804256273
2 0.6758128643262988 0.6157501522614235 0.07431476099766207 0.09884850817088266
2 0.6160118118367879 0.6168073107865043 0.08392655933798814 0.10357965394598861
2 0.31367359752906665 0.9712655660320979 0.0763741684661949 0.057468867935804094
2 0.25291369628431115 0.9718259324532572 0.07289397095570589 0.05634813509348556