1 0.4997636426639092 0.49609375 0.9995272853278184 0.9109375
3 0.4316767139958638 0.03046875 0.0787977093411815 0.0578125
3 0.3897473699077315 0.6796875 0.05835794000636341 0.046875
3 0.39202167862827453 0.2828125 0.06615225867281796 0.0453125
3 0.18938757463400152 0.240625 0.06615225867281786 0.0453125
3 0.3814541592536855 0.58671875 0.056795440006363315 0.046875
2 0.030538191279457023 0.82578125 0.061076382558914045 0.0640625
2 0.09500593988705064 0.83203125 0.07883407200827235 0.0609375
2 0.16520935188577798 0.84140625 0.07883407200827235 0.0609375
2 0.24094514855191437 0.8453125 0.0773079346753632 0.0640625
2 0.3143462858848235 0.8484375 0.07572725334181776 0.0625
2 0.7855598565802312 0.63671875 0.07567270934118149 0.0578125
2 0.8581888345799131 0.6390625 0.0773079346753633 0.0640625
2 0.9331706532463677 0.640625 0.07570907200827222 0.0609375
2 0.6573092292727756 0.44609375 0.0804329346753633 0.0640625
2 0.727539913271821 0.453125 0.08195907200827239 0.0609375
2 0.8025035506047301 0.45625 0.07563634667409076 0.0546875
2 0.871907531269912 0.4671875 0.07414657200827221 0.0609375
2 0.9422018499363667 0.46875 0.07883407200827222 0.0609375
2 0.14407616931890974 0.10625 0.08046929734245412 0.0671875
2 0.07221935065245519 0.1046875 0.07421929734245411 0.0671875
4 0.6157087912158236 0.865625 0.09149770401018138 0.075
4 0.03850359058723093 0.58515625 0.0756908906747269 0.059375
4 0.10877972792014004 0.58828125 0.08043293467536325 0.0640625
4 0.18998427458627642 0.5921875 0.08355793467536325 0.0640625
4 0.3450001332750027 0.4296875 0.08046929734245412 0.0671875
4 0.265367177275639 0.425 0.08363066000954503 0.0703125
4 0.19355581194304805 0.41953125 0.07738066000954502 0.0703125
4 0.11862853727722986 0.41328125 0.08355793467536321 0.0640625
4 0.04606319394495708 0.40546875 0.0805420226766359 0.0734375
4 0.9012341413112737 0.1625 0.08989884134309065 0.071875
4 0.9652511879774102 0.16640625 0.06640679734245403 0.0671875
4 0.6898911785487327 0.86875 0.08363066000954511 0.0703125
4 0.7655724312142327 0.87734375 0.08986247867599957 0.06875
4 0.83655709321296 0.88671875 0.08046929734245438 0.0671875
4 0.9138826618794145 0.88828125 0.08677384134309066 0.071875
0 0.49028481393223033 0.49921875 0.9559420120146356 0.1078125