1 0.5 0.5 1 1
0 0.5292293130926975 0.4440069216703941 0.2588061069635181 0.8880138433407881
3 0.746066010288307 0.5417974977424446 0.0678293091359686 0.09516820586255367
3 0.6702914043408417 0.5119512473024367 0.07596935775648746 0.10365440226666549
2 0.9640016242648309 0.17242996529600407 0.07199675147033809 0.09484558988958416
2 0.9592886694366476 0.23018791466735553 0.0814226611267049 0.10168750516541816
2 0.9566926139187235 0.29606493123301086 0.08661477216255306 0.1070609036020209
2 0.7022253205559293 0.13537924768696727 0.08822369629109836 0.09901526224967849
2 0.6941538709854707 0.20423666683877026 0.0949650192218769 0.11123057596211525
2 0.2883874706013579 0.06823423383606776 0.09134869629109836 0.09930896561752478
2 0.2806878352552504 0.12732830466528905 0.08674308344622812 0.1008063950618794
2 0.27220694990914296 0.1864958013364719 0.09159435775648764 0.10512291910589687
2 0.26726050033868426 0.2550595171204286 0.09512879353213632 0.1151065449543633
2 0.2918908446390462 0.7080339083197209 0.0879780348257091 0.0932013087613064
2 0.2817246285602441 0.7644412799306409 0.0865793091359686 0.09693042606963133
2 0.2806468074384879 0.813184595701588 0.08354284034363309 0.061899853455475634
4 0.09078869007106191 0.6821838546090674 0.09143058344622808 0.10124695011364881
4 0.0822668611473896 0.7403823590321882 0.08822369629109834 0.09901526224967849
4 0.07173215287050363 0.7880688004105499 0.07893722749876282 0.06339728289983025
4 0.14248182835784545 0.17923122029888988 0.09496501922187686 0.11123057596211525
4 0.14742827792830412 0.11066750451493311 0.09250176051544959 0.08976589482082774
4 0.15422383254171695 0.04927060863808643 0.09447369629109836 0.09854121727617286
4 0.5644419533000449 0.8098602548649897 0.09587242198083885 0.09587355167704613
4 0.5576497207128994 0.8533035980412955 0.08387038896415219 0.06965179143997176
4 0.9057729601974499 0.7388666203213818 0.09759869629109837 0.09989637235321733
4 0.9060086555840371 0.8001334094751735 0.09258364767057933 0.09170387931695179
4 0.8959243266603648 0.8584787655822175 0.08649742198083885 0.0949924415735073
4 0.8835814569180895 0.9004981051561304 0.08609463025772471 0.048627665350453694