1 0.4725237330380204 0.4975466477825668 0.8987025339239592 0.9950932955651336
4 0.6499103624307863 0.012302126456655148 0.07517927513842756 0.024604252913310296
4 0.5928290476559616 0.015177305793497263 0.07371690468807693 0.030354611586994526
4 0.529978594232189 0.02428957566461747 0.07754281153562204 0.04857915132923494
4 0.2531112014211878 0.38611282594714696 0.07844397748246604 0.10450829806036445
4 0.19449766502399327 0.40591180569510027 0.07531897748246603 0.10429950212696587
4 0.13706589682539597 0.417690458969664 0.07824371838316742 0.10052423431534453
4 0.7788099992340329 0.848316526749394 0.07305557063492092 0.09025088105269685
4 0.8386856469822795 0.8343892446522714 0.07285531153562204 0.08626681730767694
4 0.3851856169066064 0.577807830101018 0.08176923658176474 0.10870115773878294
4 0.3259910896087105 0.593674945087301 0.08176923658176474 0.10870115773878294
4 0.26805867366186653 0.6154137577244145 0.07688147748246603 0.10440390009366515
4 0.2104767111387953 0.6301804588077432 0.0780434592838688 0.0965401705703246
4 0.14961955429125004 0.6481440036332354 0.07970608883351811 0.09863660040953386
3 0.4835077051218157 0.23273770156970697 0.05682979333702498 0.07725471015064418
3 0.5099691641011426 0.821608856840246 0.048116127390180986 0.05880443346455809
3 0.43832561304909506 0.24866125079195134 0.05869268198597286 0.08333520373487335
3 0.502115893743077 0.7764707105560621 0.05506703423772628 0.07316624843892497
2 0.24365494679770933 0.9615010784550394 0.07221496144333708 0.0425465140791571
2 0.5716633374492421 0.5236562007077932 0.0764809592838688 0.09643577260362532
2 0.6346639851974887 0.509520122677272 0.0749184592838688 0.09633137463692602
2 0.6937083181709107 0.4966410554997539 0.07501858883351815 0.09832340650943598
2 0.7506592250184558 0.4789385055910099 0.0702309592838688 0.09601818073682815
2 0.8084414466408258 0.46018774076266133 0.07325582973421944 0.09423494479771677
2 0.7917614936784785 0.24986331075758808 0.08030686613141391 0.11058879164459362
2 0.7357420311554073 0.2645256138742175 0.07834384793281668 0.10251626618785449
2 0.6728915777316347 0.2756736440959738 0.07814358883351816 0.09853220244283457
2 0.3535767805370984 0.04814244712739155 0.08303134793281668 0.0962848942547831
2 0.2918883089147285 0.06388192395590378 0.07531897748246603 0.10429950212696584
2 0.23274384639165727 0.07875302300593175 0.08010660703211539 0.10660472789957368
2 0.17364944864341064 0.09262810611970473 0.08489423658176473 0.10890995367218148
2 0.11372373612033937 0.10755140415308237 0.08156897748246608 0.10471709399376297
0 0.4757290761904751 0.4804324757970992 0.714039120911776 0.26411055911826403