1 0.4984375 0.49921875 0.9859375 0.97734375
0 0.5 0.50234375 0.034375 0.95703125
3 0.68046875 0.54609375 0.05390625 0.059375
3 0.7328125 0.5203125 0.059375 0.0609375
2 0.06953125 0.08515625 0.07109375 0.065625
2 0.07109375 0.14375 0.0625 0.0640625
2 0.0703125 0.2046875 0.07265625 0.0640625
2 0.07109375 0.265625 0.07109375 0.0671875
2 0.07265625 0.328125 0.07109375 0.0703125
2 0.93203125 0.08359375 0.06796875 0.065625
2 0.93203125 0.1453125 0.07109375 0.0671875
2 0.35625 0.79375 0.07109375 0.0703125
2 0.35703125 0.85546875 0.07265625 0.065625
2 0.35703125 0.915625 0.07265625 0.07265625
2 0.56484375 0.6734375 0.06640625 0.0671875
2 0.5671875 0.73359375 0.075 0.07109375
2 0.56796875 0.796875 0.06796875 0.0703125
2 0.56796875 0.853125 0.065625 0.0640625
2 0.56640625 0.91796875 0.06796875 0.0625
4 0.93046875 0.84609375 0.0625 0.0703125
4 0.928125 0.91484375 0.06640625 0.07109375
4 0.571875 0.32890625 0.06953125 0.07109375
4 0.57109375 0.265625 0.07109375 0.0609375
4 0.57265625 0.2046875 0.06796875 0.0640625
4 0.57265625 0.14609375 0.07109375 0.07109375
4 0.5703125 0.08203125 0.0640625 0.06875
4 0.35859375 0.0828125 0.0640625 0.0671875
4 0.359375 0.146875 0.06796875 0.0640625
4 0.36015625 0.20625 0.06953125 0.0671875
4 0.06796875 0.67578125 0.06796875 0.07109375
4 0.0671875 0.734375 0.075 0.0640625
4 0.06796875 0.79375 0.07109375 0.0703125
4 0.06953125 0.85390625 0.07421875 0.07109375
4 0.06875 0.915625 0.06953125 0.07265625