1 0.487508679083684 0.511017083745243 0.975017358167368 0.977965832509514
0 0.4692583652541261 0.519832269314553 0.11316976586355061 0.9173731838021084
3 0.4787152108076224 0.5178705212917193 0.035684528855940555 0.038900673916276676
3 0.4745336530957413 0.5928068542955248 0.035684528855940555 0.038900673916276676
4 0.047780246371802934 0.08800667737631773 0.07600199400955022 0.07642984882113639
4 0.046187975320410704 0.1560072608744149 0.07912699400955023 0.07655718281352519
4 0.0446229861201839 0.2232265943725121 0.0790178666048885 0.07343218281352515
4 0.04294886951529539 0.2935709278706093 0.07912699400955023 0.07655718281352523
4 0.0439359614405946 0.37732384536109526 0.08101687622353536 0.08599584980971961
4 0.3122890803229178 0.8029100716722801 0.07918155771188111 0.07811968281352506
4 0.31694680927152563 0.8711653231551548 0.07901786660488845 0.07343218281352507
4 0.3145460063689679 0.9399153231551548 0.07600199400955025 0.07642984882113665
4 0.8916641664274032 0.1857636058155807 0.07912699400955034 0.07655718281352515
4 0.9099082241392843 0.11140027577752462 0.07918155771188111 0.07811968281352519
4 0.5390748135326948 0.6713257851318837 0.0838690577118811 0.07831068380210837
4 0.5374279787789717 0.7408888686299809 0.07578373920022674 0.0701798488211363
4 0.5342732077275795 0.8088257851318839 0.07600199400955035 0.0764298488211363
4 0.5366144685273527 0.876204286120467 0.08203373920022675 0.07043451680591417
4 0.5302801337736296 0.945576368629981 0.0760565577118811 0.0779923488211363
2 0.3331547511811263 0.09337590418179417 0.07934524881887359 0.08280718281352517
2 0.3282737890227415 0.16593665368750257 0.07589286660488845 0.07330484882113639
2 0.3274627679713493 0.233969070683697 0.08581350362819702 0.08931185079830276
2 0.036811714161742407 0.6624482618629981 0.07362342832348481 0.08130834980971961
2 0.03826384215696729 0.7352318458553869 0.07652768431393459 0.07993685079830275
2 0.03908477033360203 0.7986722633458728 0.07816954066720407 0.07681185079830274
2 0.03443694851023678 0.8656050953610952 0.06887389702047356 0.08143568380210837
2 0.03553937428220981 0.9361404298477757 0.07107874856441962 0.07980951680591382
2 0.8827181422111501 0.8676184422794275 0.0810168762235353 0.08599584980971926
2 0.8830331115411111 0.9482145262718162 0.08877481252120453 0.08475168479069169
2 0.548633385124392 0.37520020163378653 0.0966418762235353 0.08663251977166357
2 0.547991033580446 0.3039791176413978 0.08543155771188111 0.07837435079830275
2 0.5636730864830036 0.23577028710905007 0.08225199400955016 0.076684516805914
2 0.5684722030878921 0.16555328760334168 0.08392362141421188 0.07987318380210832
2 0.5504513785857881 0.09910061665281458 0.08230655771188111 0.07824701680591398