1 0.5 0.5 1 1
3 0.6851115993992518 0.33633415387806825 0.06377827673520517 0.04488616510280767
3 0.6505891339281271 0.32070380003934096 0.060653276735205 0.04466764381548423
4 0.8227733064956289 0.9874114267548755 0.0911820108957631 0.025177146490248957
4 0.753094591024504 0.9778398667897402 0.0991037715394251 0.04432026642051952
4 0.9045339527337761 0.23895032753085071 0.09140053218308672 0.08413433540139544
4 0.8408867159753278 0.2181736517843813 0.08961951089576345 0.08090007475773361
4 0.7814188808260341 0.2015763776470662 0.09140053218308672 0.08413433540139544
4 0.7249667850330784 0.18363512479707464 0.08838479282674853 0.08547831411407195
4 0.6609207105274463 0.16827256872877436 0.10422831411407181 0.08969592055068931
4 0.25551620659217383 0.541077740112643 0.088166271539425 0.0823533141140718
4 0.1906888820865417 0.5256605537225119 0.088166271539425 0.0823533141140718
4 0.1329474379027404 0.5115162902288585 0.085041271539425 0.08213479282674854
4 0.07671386339710826 0.4967000373788668 0.08326025025210156 0.07890053218308672
4 0.04028469050063046 0.4871557925746469 0.016979686390131133 0.06493658514929379
4 0.16018265521545055 0.2895209579295562 0.08013525025210155 0.07868201089576328
4 0.09864422167531103 0.27666604282674845 0.07377598960843981 0.07668246832111639
4 0.062378939744325825 0.2694655480225286 0.034167186390131124 0.06613845222957293
2 0.8521394703379286 0.7126284921294552 0.09096348960843983 0.07788433540139543
2 0.7947968639013113 0.6930701089576328 0.08282320767745457 0.07265053218308673
2 0.7354929197175102 0.6788165848203177 0.08347877153942491 0.08202553218308672
2 0.6760250845682162 0.6622193106830027 0.08013525025210164 0.07868201089576328
2 0.6069637281315988 0.6418414726837172 0.09452553218308672 0.08435285668871888
2 0.8806258312140216 0.4751720507956456 0.08304172896477802 0.07577553218308672
2 0.8227751263865585 0.4594652873019923 0.09274451089576345 0.08111859604505725
2 0.7548228018809263 0.4438295796245376 0.10858803218308673 0.08533620248167448
2 0.304534316711962 0.08582179358305313 0.09496257475773362 0.09060285668871888
2 0.2452850028499916 0.07234951944573806 0.08838479282674845 0.08547831411407195
2 0.19217642834435944 0.057751787883069935 0.085041271539425 0.08213479282674849
2 0.13214586448238905 0.044224883423924014 0.07991672896477811 0.07555701089576328
2 0.09035720222957297 0.03586072636688802 0.040089404459145925 0.0618879948042199
2 0.07189423148579353 0.8057801064366175 0.03693155347041022 0.08343521287323483
0 0.4937921027534465 0.5243101292365501 0.8941863146182751 0.291091981737895