1 0.5045570920727206 0.5110407207843247 0.9908858158545588 0.9779185584313506
0 0.5327330683185689 0.5235403965678643 0.12840862275747716 0.9260840692638234
2 0.061126069555186645 0.09650887486805093 0.0668055706349208 0.07395792985559303
2 0.06523138109080881 0.16553244389161995 0.07355621838316742 0.0825321740196035
2 0.49098326418420246 0.6872304916423871 0.07628070018457009 0.07587653515884774
2 0.49508857571982456 0.7562540606659562 0.0749184592838688 0.07920435458922567
2 0.5013373781561482 0.8219694022274601 0.06514294108527138 0.07223524423546572
2 0.5036799305924717 0.8875867839474003 0.0698304410852714 0.07235279604534223
2 0.5099787978036199 0.9541438763506551 0.06826794108527139 0.07231361210871698
2 0.6898491656330769 0.8174513992998884 0.07688147748246603 0.08597754525985785
2 0.6940045419435237 0.887316719165208 0.07930557063492075 0.07427140134859732
2 0.7004035387043211 0.9555573132519647 0.06846820018457009 0.07568061547572036
2 0.9448757156053903 0.3573719746573895 0.07980621838316751 0.08268890976610554
2 0.9367640245201188 0.286566944108755 0.07501858883351815 0.08088785627272735
2 0.9360841016334446 0.22267224800894211 0.08056768198597268 0.06926008023471761
2 0.9288537900978223 0.15357031111212205 0.07325582973421944 0.07748166896909844
2 0.9232360433370248 0.08534930899367835 0.07638082973421945 0.07756003684234947
4 0.4338125979328167 0.09324757309528658 0.07658108883351815 0.08092704020935285
4 0.43928015036914025 0.15894332268847775 0.0700307001845701 0.07571979941234575
4 0.4440165175802884 0.225461231155107 0.0735562183831675 0.0825321740196035
4 0.4535905791159106 0.29462194395686536 0.06680557063492074 0.07395792985559303
4 0.46028996452565607 0.3679130430941268 0.07395673658176474 0.08926618075361023
4 0.6400602028054638 0.22953706435985838 0.08303134793281668 0.0844507793228583
4 0.6328298912698417 0.16043512746303834 0.07980621838316751 0.08268890976610554
4 0.6248183297342195 0.09131359859790553 0.0764809592838688 0.07924353852585116
4 0.9685239666851244 0.6850677476865329 0.06295206662975125 0.07920435458922548
4 0.9710423446151726 0.7524078150266003 0.05791531076965484 0.07074766223509181
4 0.9735758617340355 0.817300997714666 0.05284827653192892 0.08261054189285448
4 0.9760441748892589 0.8837993142129824 0.04791165022148221 0.07583735122222211
4 0.97887808065707 0.9519811323948006 0.04224383868585981 0.07407548166546993
4 0.12968122608896487 0.8950176559922933 0.07285531153562216 0.07074766223509181
4 0.13676134330011305 0.9609764895663111 0.07804345928386876 0.07804702086737772