1 0.51015625 0.5078125 0.9546875 0.96015625
0 0.509375 0.50234375 0.07265625 0.928125
2 0.0859375 0.08828125 0.08125 0.07734375
2 0.08203125 0.15703125 0.08359375 0.07734375
2 0.4359375 0.6375 0.08203125 0.08671875
2 0.4328125 0.71328125 0.08125 0.08203125
2 0.434375 0.77890625 0.0765625 0.08515625
2 0.440625 0.8515625 0.08515625 0.08359375
2 0.440625 0.921875 0.08203125 0.08046875
2 0.6546875 0.775 0.08203125 0.08046875
2 0.6515625 0.84609375 0.08671875 0.08203125
2 0.646875 0.9171875 0.08125 0.07734375
2 0.921875 0.36640625 0.08203125 0.08046875
2 0.9234375 0.296875 0.0796875 0.07578125
2 0.921875 0.228125 0.08515625 0.07578125
2 0.92421875 0.15546875 0.08359375 0.07890625
2 0.92421875 0.0859375 0.08125 0.08359375
4 0.434375 0.0859375 0.07109375 0.075
4 0.43515625 0.15390625 0.07265625 0.07578125
4 0.434375 0.2265625 0.07109375 0.07578125
4 0.43359375 0.29765625 0.0796875 0.07734375
4 0.43359375 0.36875 0.07265625 0.07890625
4 0.653125 0.08515625 0.08203125 0.07578125
4 0.6515625 0.159375 0.075 0.08203125
4 0.653125 0.22890625 0.0796875 0.075
4 0.92421875 0.63359375 0.08671875 0.07890625
4 0.91953125 0.70546875 0.08359375 0.07578125
4 0.92109375 0.77421875 0.078125 0.07890625
4 0.92578125 0.84296875 0.08203125 0.07578125
4 0.925 0.91953125 0.0765625 0.07578125
4 0.08046875 0.846875 0.078125 0.075
4 0.0796875 0.9203125 0.0796875 0.075