1 0.50625 0.496875 0.68125 0.88203125
3 0.13203125 0.48046875 0.04140625 0.053125
3 0.30390625 0.4984375 0.03671875 0.046875
3 0.3234375 0.52578125 0.034375 0.04296875
3 0.62578125 0.55 0.05078125 0.0640625
3 0.66015625 0.50625 0.04453125 0.059375
2 0.39453125 0.10078125 0.053125 0.065625
2 0.39609375 0.1625 0.05234375 0.0640625
2 0.39296875 0.22421875 0.05 0.065625
2 0.19921875 0.634375 0.05390625 0.07109375
2 0.19921875 0.70234375 0.053125 0.0625
2 0.20078125 0.7625 0.053125 0.06640625
2 0.2015625 0.82734375 0.05078125 0.07109375
2 0.19921875 0.89296875 0.05078125 0.06640625
2 0.81015625 0.8203125 0.05546875 0.06796875
2 0.80625 0.8859375 0.05234375 0.06953125
2 0.55625 0.34765625 0.05234375 0.06796875
2 0.55546875 0.2796875 0.05234375 0.065625
2 0.55625 0.2203125 0.05 0.0625
2 0.559375 0.15703125 0.05625 0.06640625
2 0.56015625 0.09296875 0.05546875 0.0609375
0 0.5046875 0.496875 0.05078125 0.853125
4 0.196875 0.09921875 0.05234375 0.07109375
4 0.19609375 0.159375 0.05 0.06796875
4 0.2 0.2234375 0.05234375 0.06640625
4 0.19609375 0.28671875 0.05 0.07109375
4 0.19609375 0.353125 0.05234375 0.06640625
4 0.4015625 0.7625 0.053125 0.06640625
4 0.40078125 0.8265625 0.05078125 0.06640625
4 0.40078125 0.8890625 0.05 0.06640625
4 0.55234375 0.6375 0.05 0.0640625
4 0.81015625 0.09375 0.053125 0.06796875
4 0.81171875 0.159375 0.05234375 0.06953125
4 0.55546875 0.70390625 0.053125 0.06640625
4 0.55390625 0.76484375 0.05078125 0.06796875
4 0.55234375 0.82890625 0.04765625 0.0640625
4 0.5515625 0.89140625 0.04921875 0.06640625