1 0.4995264033193479 0.49593005889300745 0.9990528066386958 0.9918601177860149
3 0.4716019742564762 0.6863540960168324 0.07743976099766207 0.07594743030721922
3 0.3973114466620745 0.7310242444728864 0.09029495850815117 0.08107143992586607
3 0.47595331306296573 0.2895981471052916 0.09917305103961845 0.09540675843752044
3 0.5377913848485086 0.2344542901190499 0.0884956601678251 0.0778918762235353
4 0.7695262983171041 0.9089259781459995 0.0806831601678251 0.07761905771188111
4 0.7104356408485712 0.8969641806857375 0.08248245850815117 0.08079862141421187
4 0.647923985454631 0.8890177606301372 0.08080155933798813 0.07918155771188111
4 0.5829501808905275 0.8827156861280331 0.07611405933798814 0.07901786660488845
4 0.5188168259115058 0.8756050797747637 0.09053175684847722 0.08419643992586642
4 0.9268198412820674 0.13905493304799021 0.07900226099766208 0.07600199400955025
4 0.8548739863030456 0.132217145206375 0.08271925684847722 0.08392362141421192
4 0.17890775662476263 0.569568422417853 0.08716995850815117 0.08096231252120453
4 0.11182700040098532 0.5602231934692453 0.0829560551888033 0.08704862141421188
4 0.05382524625180044 0.5544568323066523 0.08776195435896632 0.08877481252120453
4 0.34311473442894574 0.42825639773826374 0.08224566016782511 0.07767362141421189
4 0.2842133311095978 0.42407981842683623 0.08248245850815117 0.08079862141421187
4 0.21996157696041294 0.4185317120735668 0.07923905933798814 0.07912699400955017
4 0.15612421990679864 0.40751485572029733 0.09053175684847722 0.08419643992586626
4 0.08982471368302133 0.3981423449205241 0.0871699585081512 0.08096231252120445
2 0.8280538064149813 0.6404016674388936 0.08584425684847723 0.08403274881887376
2 0.7603693989464484 0.6287399703414513 0.08451855518880329 0.08710318511654265
2 0.6968988947972635 0.6231645821370163 0.09029495850815117 0.08107143992586625
2 0.27234456761313597 0.8686284265942043 0.08271925684847722 0.08392362141421188
2 0.2015943597296847 0.8562946069014237 0.08080155933798823 0.07918155771188111
2 0.13277350475066285 0.8493476916551469 0.08428175684847723 0.08397818511654265
2 0.06502989769704856 0.8384672445577044 0.08103835767831424 0.08230655771188111
2 0.02314041015621418 0.8296850107997733 0.04628082031242836 0.08397818511654265
2 0.8683739209417727 0.4784820207969382 0.08404495850815116 0.08085318511654283
2 0.8071287676224248 0.474387287039007 0.07587726099766208 0.07589286660488845
2 0.7497898643030769 0.4701561440252487 0.07900226099766208 0.07600199400955035
2 0.6827683076643811 0.4600296650766409 0.08716995850815117 0.08096231252120453
2 0.6235000514406037 0.4504116176163788 0.08740675684847724 0.08408731252120454
2 0.23234963609790843 0.05967506724570991 0.08248245850815117 0.08079862141421194
2 0.16323278319347906 0.056634401999432996 0.0884956601678251 0.07789187622353536