0 0.48945232726353793 0.4710322232334499 0.25609481960867664 0.9326071327168952
3 0.23514526049134826 0.5520599107783087 0.07704588479802066 0.10707345159293363
3 0.4055199449727998 0.6098569702542281 0.06592652837152997 0.09716570018440583
1 0.5 0.5 1 1
4 0.48094715696785145 0.352877613840196 0.10093802586424747 0.13148602102864287
4 0.4847791991294349 0.43255625483971827 0.09289820533113406 0.11963654539639829
2 0.4880429399582349 0.5400745394918018 0.10585284639736088 0.14305004939239943
2 0.0388829920824412 0.29688597514019494 0.0777659841648824 0.11446858424076829
2 0.04601353048310098 0.3618739159890193 0.09202706096620196 0.11366864909100367
2 0.04426198812366179 0.42312113202465407 0.08852397624732358 0.12214916415709107
2 0.05530464779665138 0.49957353609226335 0.1008925617576248 0.12925884953643796
2 0.4028399111909936 0.8557453346915036 0.10218227711788863 0.11603854421745238
2 0.4125726123654925 0.9137663137952252 0.09409699247815269 0.10196189709300316
2 0.4126491687128409 0.9482161101072791 0.07237510517284954 0.03106417358947891
2 0.598735084389674 0.7711610974619759 0.08807431301126592 0.1125268600170514
2 0.6059421791376822 0.8383048479858833 0.08950042069139812 0.10598806917468076
2 0.6088936828986059 0.884718640236576 0.06965928213245362 0.05082326975083488
2 0.7787782178675464 0.011074737613875023 0.09556856426490726 0.022149475227750046
2 0.7923717049354227 0.0455817940791261 0.10061977711788864 0.0911635881582522
2 0.8034623176301195 0.10111620505104768 0.09615959765100186 0.12660350714150095
2 0.8585566460807919 0.002909580139120676 0.09226170783841639 0.005819160278241352
4 0.5827011882423753 0.06798619456221472 0.10263691818411544 0.13597238912442944
4 0.4972721536026391 0.08795872657420721 0.08789245658477522 0.10361817404823186
4 0.5014679086172041 0.1498199956360903 0.08182431301126591 0.11195596548007539
4 0.5211750033652123 0.21582195708604549 0.0914266335443795 0.12394816474656402
4 0.22893367907117518 0.20694789463152105 0.08968227711788872 0.11489675514350035
4 0.23761234560593802 0.27840326450559416 0.08972774122451135 0.11712392663570526
4 0.31947009936686177 0.3176095132269639 0.08977320533113406 0.11935109812791016
4 0.3036525342440247 0.17566963559067614 0.08807431301126609 0.11252686001705145
4 0.30775736104534424 0.24198524763696908 0.09142663354437941 0.12394816474656402
4 0.12004413156582236 0.957159419590394 0.09341503087881238 0.06855432470992966
4 0.9624027792959667 0.7190468948164993 0.04318771034569906 0.052851310953096316