3 0.35285937500000003 0.5041666666666667 0.03125 0.036116666666666596
3 0.32356250000000003 0.6007 0.029953125000000025 0.03194999999999993
1 0.50390625 0.5104166666666666 0.9557343750000001 0.9791666666666666
4 0.07096875 0.06805 0.07682812499999998 0.08055000000000002
4 0.0735625 0.14236666666666667 0.07682812499999998 0.08194999999999998
4 0.92578125 0.37083333333333335 0.078125 0.08054999999999997
4 0.9244843749999999 0.29583333333333334 0.078125 0.08333333333333333
4 0.92578125 0.22013333333333335 0.08073437500000011 0.0763833333333333
4 0.927734375 0.14791666666666667 0.07942187499999989 0.08471666666666663
4 0.9270781250000001 0.06736666666666667 0.078125 0.07638333333333333
4 0.436203125 0.6757000000000001 0.08073437499999994 0.08471666666666673
4 0.43815625 0.7507 0.07942187500000006 0.07916666666666666
4 0.4375 0.825 0.08332812500000006 0.08054999999999989
4 0.43684375 0.8979166666666667 0.07682812499999994 0.07916666666666666
4 0.431640625 0.96875 0.08203125 0.0625
4 0.63671875 0.8242999999999999 0.08073437499999994 0.07916666666666666
4 0.635421875 0.9 0.08073437499999994 0.07221666666666654
4 0.638015625 0.9666666666666667 0.08073437499999994 0.06111666666666679
2 0.07096875 0.8951333333333334 0.07682812499999998 0.0763833333333332
2 0.068359375 0.9666666666666667 0.07682812500000002 0.06111666666666679
2 0.637375 0.22083333333333333 0.07942187500000006 0.08054999999999997
2 0.63996875 0.14653333333333335 0.07682812499999994 0.07638333333333336
2 0.638015625 0.07429999999999999 0.07551562500000006 0.07916666666666666
2 0.43684375 0.07221666666666667 0.07421875 0.08333333333333333
2 0.4375 0.14791666666666667 0.07551562500000006 0.0763833333333333
2 0.4375 0.21805000000000002 0.078125 0.075
2 0.4375 0.29236666666666666 0.078125 0.0763833333333333
2 0.4375 0.36596666666666666 0.08073437499999994 0.08471666666666663
2 0.9264374999999999 0.675 0.07942187499999989 0.08055000000000007
2 0.9264374999999999 0.7513833333333333 0.07942187499999989 0.08055000000000007
2 0.927734375 0.8270833333333333 0.08203125 0.07916666666666666
2 0.9290312500000001 0.9027833333333333 0.08203125 0.08054999999999989
2 0.9270781250000001 0.9680500000000001 0.078125 0.058333333333333334
0 0.501296875 0.5090333333333333 0.052078125000000065 0.9652833333333333