1 0.5027968749999999 0.477577519379845 0.9698593750000001 0.9080813953488374
0 0.493859375 0.4865697674418605 0.09040625000000002 0.8679457364341086
3 0.267296875 0.5550968992248062 0.05245312499999999 0.07751937984496124
3 0.345421875 0.5370930232558139 0.06139062500000003 0.083062015503876
2 0.084828125 0.15781007751937987 0.07365625 0.07197674418604648
2 0.08259375 0.2159496124031008 0.08259374999999998 0.07474806201550387
2 0.083140625 0.2817054263565892 0.077015625 0.08166666666666664
2 0.35603125 0.15988372093023256 0.07365624999999998 0.07614341085271316
2 0.35603125 0.22978682170542633 0.08035937500000001 0.08583333333333337
2 0.7745468750000001 0.15296511627906978 0.078125 0.07337209302325584
2 0.775109375 0.2131782945736434 0.07254687499999993 0.07751937984496124
2 0.7762343750000001 0.272015503875969 0.07701562499999995 0.07889534883720926
2 0.7745468750000001 0.3412209302325581 0.078125 0.08998062015503877
2 0.69921875 0.7848837209302325 0.07478125000000002 0.06920542635658922
2 0.702015625 0.8423255813953489 0.07365624999999998 0.07337209302325584
2 0.69865625 0.8900968992248063 0.07589062500000007 0.03598837209302335
4 0.9012343749999999 0.7890310077519379 0.07701562499999995 0.07474806201550398
4 0.90290625 0.8464922480620155 0.07365625000000016 0.0761434108527131
4 0.914625 0.8970155038759691 0.0859375 0.03598837209302335
4 0.90625 0.2837790697674419 0.0803593750000001 0.08583333333333337
4 0.9090468749999999 0.2159496124031008 0.08146875000000016 0.06368217054263568
4 0.9090468749999999 0.15296511627906978 0.08146875000000016 0.07337209302325584
4 0.41740625 0.8457945736434108 0.08259375000000002 0.06920542635658922
4 0.41907812499999997 0.8900968992248063 0.07701562499999995 0.04430232558139537
4 0.087046875 0.7267441860465116 0.084828125 0.07197674418604648
4 0.079234375 0.7876550387596899 0.08035937499999998 0.06645348837209296
4 0.08259375 0.8471705426356589 0.07365625000000002 0.07197674418604648
4 0.088171875 0.8970155038759691 0.08035937499999998 0.03875968992248062