1 0.49921875 0.5000181813335455 0.9984375 0.999963637332909
0 0.4844379370266315 0.5065538234006787 0.11139220098486184 0.9604113360120904
3 0.7612374795796871 0.4660128287714498 0.07511040919430556 0.07272952267663584
3 0.6824221485576385 0.46118842142740474 0.07187630642076392 0.06800566000954511
3 0.1751181416237843 0.4670073286919079 0.07819904160312507 0.07120338534372692
2 0.9011793338718401 0.09410256078926708 0.0800524823325695 0.08372156667727224
4 0.7790497607335763 0.1036219167727224 0.07845361474138901 0.0821408853437268
4 0.7781581015392707 0.17550600743949513 0.08314111474138883 0.08219542934436315
4 0.28826175978364577 0.07134138737268 0.072203614741389 0.08206816000954502
4 0.742969297115277 0.9151406721037226 0.0719126740119446 0.06956816000954476
4 0.5434790966021869 0.8573356207431327 0.07979790919430556 0.07278406667727211
4 0.5341937091593743 0.9205259640754055 0.06878767401194459 0.06953179734245403
4 0.3370135038966313 0.7298993220480432 0.08306837955902786 0.07907042934436319
4 0.3331786826582285 0.7939345500477251 0.07819904160312507 0.07120338534372692
4 0.11342726747999925 0.9015635946849082 0.0753649823325695 0.08366702267663584
4 0.33646603039777706 0.8541453440483615 0.07976154160312507 0.07122156667727211
4 0.330269275363784 0.9189345500477252 0.06889677678548622 0.07421929734245439
2 0.8855588002494091 0.7987991514560399 0.08143314437666689 0.07592724801081766
2 0.8769819276242355 0.8651235854550853 0.07503767401194424 0.06960452267663583
2 0.8753999374078812 0.9330923354550853 0.07209451196784755 0.0773806600095451
2 0.6668789225902423 0.9275401274267685 0.07511040919430556 0.07272952267663584
2 0.5818481056233333 0.08179072807922363 0.08768314437666672 0.07599997334499946
2 0.5779587329981595 0.14816970607890548 0.07816267401194459 0.06964088534372684
2 0.5795926617597568 0.21226856874599634 0.07503767401194458 0.06960452267663593
2 0.4422771125571874 0.06844474872690633 0.07529224715020852 0.0805420226766359
2 0.11784015701010411 0.07404712201622653 0.07532861474138897 0.0821045226766359
2 0.146799651976111 0.13924540802036273 0.0751831443766667 0.07585452267663592
2 0.1461080145332984 0.20253574868713545 0.07500130642076393 0.06804202267663584
2 0.13129932570371505 0.26800620735199915 0.07202177678548619 0.07425566000954502
2 0.2607393317845479 0.8509197993714073 0.07511040919430556 0.07272952267663584
2 0.25528745915937423 0.9172805960375439 0.0672251740119445 0.06951361600890849