3 0.32777374805058856 0.3684261729867309 0.10432496801399935 0.10763930881734085
3 0.35607201806172445 0.45082047093574196 0.07278406667727229 0.0813604806639806
3 0.25574530140036056 0.49341438269704824 0.11851473734881743 0.1191478242755764
3 0.2406208354153144 0.6056259814236796 0.11219201201463572 0.11262422980179819
3 0.3511947087444055 0.570656268262135 0.11529883068109026 0.11113166887703921
1 0.5 0.5 1 1
0 0.518944735399406 0.47851287832590733 0.28712585478990355 0.9289226212333078
4 0.9303067600254533 0.16278346311619898 0.10594201201463563 0.11243977954355082
4 0.6917775394652667 0.9656549036483778 0.08626476400381797 0.03106234002078965
4 0.5438940227959487 0.9502027153259366 0.09140679734245402 0.0708203290615434
4 0.21043499077017708 0.7674270734662939 0.10579656134627209 0.09976149111248891
4 0.19705429077813125 0.8272715635679526 0.10259883601209037 0.09333012176783463
4 0.19540143145285813 0.887562602462339 0.08980793467536322 0.06760464438921608
4 0.05506678544713113 0.8489004535357894 0.09142497867599957 0.07240511511542612
4 0.7837948393539081 0.13064490866342754 0.10434314934754489 0.10922409487122353
4 0.7713317493634532 0.2023522378869258 0.11686133068109025 0.1111777814416009
4 0.7503112720400891 0.2774827583232795 0.11217383068109008 0.11103944374791547
4 0.7425265913828614 0.34825935682615095 0.11531701201463562 0.11271645493092175
4 0.42350168200986316 0.06121910279157123 0.11061133068109026 0.1109933311833536
4 0.40636927335295364 0.13464955576263768 0.10910337468172653 0.11570157678043991
4 0.6608658693507264 0.11049295417329046 0.06359088001272681 0.09693166581543683
2 0.8535897186903171 0.15157229732172556 0.10445223734881744 0.11873281119451994
2 0.717978935351681 0.11594138280925588 0.09952838001272682 0.09799225480035899
2 0.6977306173615442 0.19025645393638735 0.11057496801399935 0.10782375907558815
2 0.5009545200111358 0.06844524716905691 0.10116360534690845 0.10437751158045169
2 0.4823141553548626 0.14667617086633336 0.10744996801399935 0.10773153394646451
2 0.34127952800763606 0.050409706636984596 0.10432496801399935 0.10081941327396919
2 0.7598190147994485 0.9699881513054689 0.08143181333545435 0.018245713896042237
2 0.6365622334499946 0.8531411912462045 0.09951019867918127 0.09640746874647635
2 0.6159326547978576 0.962344611841037 0.07545453333863605 0.041833054446036015
2 0.49938949745381256 0.8857252458975349 0.0650079293443632 0.08429948994893689
2 0.4836014127943578 0.9400921536574467 0.052162484006999674 0.05381965440867016
2 0.27308098878099474 0.8464297159141205 0.08539315467854483 0.09123809750377136
2 0.270601426121858 0.9027818459560811 0.07252952800763604 0.05917347590962262
2 0.12482530211644918 0.8666582700863217 0.0741647533418178 0.06555873268971539