1 0.49881693159826596 0.5133421887822053 0.9976338631965319 0.9454343775644105
3 0.38953658197943664 0.43796550399151374 0.036013094710093264 0.029525673916276675
3 0.34463360565696 0.42908791110187644 0.03932010523343692 0.03277800790866543
0 0.47567316862055425 0.5127201062726913 0.9513463372411085 0.18376736570141256
2 0.4860860873116957 0.5147282752460519 0.09811825256024882 0.07882001977166339
2 0.09452573179591003 0.232518022737413 0.0917772472985769 0.07700285178688589
2 0.907320405360494 0.13955710927562182 0.08847023677523325 0.07375051779449712
2 0.029422918514673508 0.23502625741437383 0.058845837029347016 0.07630251482874764
2 0.0353698106504006 0.30018834239534575 0.0707396213008012 0.0785016847906915
2 0.18202791886760936 0.47806262749004846 0.09637374203690507 0.0756313527754692
2 0.10119514782092195 0.48103377718603735 0.0884702367752332 0.07375051779449712
2 0.03425187258092559 0.4842277613687065 0.06850374516185118 0.07362318380210837
2 0.13281833219119818 0.6506897025851887 0.09655575256024873 0.07875635277546919
2 0.04614638587627955 0.7778796022811776 0.0922927717525591 0.08025518577927464
2 0.04055195687355592 0.6592423488211364 0.08110391374711184 0.07700285178688589
2 0.10737028213472843 0.5901368631555923 0.09637374203690507 0.0756313527754692
2 0.03713467789906717 0.5986722633458729 0.07426935579813435 0.07075285178688588
2 0.9266530902248803 0.8294764551310086 0.05878273677523325 0.07254084486680376
2 0.8612633086548491 0.8362092747889415 0.09472023677523325 0.07400518577927465
4 0.09416868700111215 0.17142135524692703 0.09830026308359245 0.08194501977166349
4 0.9164770555299031 0.31847794672805174 0.08690773677523325 0.07368685079830276
4 0.845740350324701 0.37667776589169283 0.08498121572854593 0.06737318380210837
4 0.9200501055863729 0.3781394482109265 0.07900423151356151 0.07180601581733077
4 0.9198079109045144 0.43607928220331527 0.0851632262518894 0.07049818380210837
4 0.8500036451194989 0.4379336008726648 0.07882222099021767 0.06868101581733085
4 0.7761111188111396 0.44275375205152845 0.08654371572854594 0.06743685079830275
4 0.9256421399990014 0.5913716186671619 0.07900423151356151 0.07180601581733086
4 0.8557090715972674 0.6088827708346087 0.0836917315135615 0.071997016805914
4 0.9247937295885972 0.7135012866519396 0.07615224729857673 0.07636618182494193
4 0.8597756743410427 0.7272971898079695 0.08874325256024881 0.07843801779449713
4 0.20561327715540526 0.8932857208739774 0.09508425782192056 0.08025518577927464
4 0.1268057376928664 0.9018211210642578 0.0947202367752332 0.07400518577927465