1 0.49453125 0.49375 0.80625 0.984375
3 0.4125 0.57734375 0.025 0.03203125
3 0.40078125 0.621875 0.028125 0.034375
0 0.49296875 0.4953125 0.04609375 0.94296875
2 0.4953125 0.484375 0.065625 0.0875
2 0.18828125 0.86171875 0.065625 0.08203125
2 0.14765625 0.04765625 0.0625 0.07890625
2 0.18671875 0.94140625 0.06484375 0.078125
2 0.25234375 0.93671875 0.06484375 0.0875
2 0.4390625 0.7859375 0.06171875 0.0859375
2 0.4375 0.86640625 0.0625 0.078125
2 0.43515625 0.94140625 0.0625 0.075
2 0.60859375 0.84296875 0.06484375 0.0859375
2 0.7296875 0.93671875 0.06796875 0.084375
2 0.6109375 0.940625 0.065625 0.08203125
2 0.54609375 0.865625 0.06171875 0.0859375
2 0.55 0.94453125 0.05859375 0.08046875
2 0.83984375 0.04765625 0.06171875 0.0734375
2 0.83984375 0.12578125 0.06328125 0.084375
4 0.12734375 0.859375 0.06875 0.0875
4 0.3265625 0.046875 0.06171875 0.0765625
4 0.38046875 0.11953125 0.05703125 0.075
4 0.38671875 0.04609375 0.0625 0.06953125
4 0.44453125 0.0484375 0.05859375 0.075
4 0.4421875 0.11875 0.059375 0.06796875
4 0.4421875 0.1921875 0.05703125 0.07890625
4 0.6 0.05 0.0625 0.06953125
4 0.61328125 0.1203125 0.06015625 0.0734375
4 0.72265625 0.05078125 0.065625 0.07890625
4 0.73125 0.121875 0.06640625 0.07890625
4 0.85546875 0.78203125 0.06953125 0.08359375
4 0.85859375 0.8609375 0.06328125 0.08359375