0 0.49609375 0.503125 0.09765625 0.8578125
1 0.496875 0.5 0.92890625 0.91796875
3 0.49609375 0.51328125 0.0640625 0.0640625
3 0.51796875 0.565625 0.05234375 0.0515625
2 0.12109375 0.3375 0.0765625 0.065625
2 0.12421875 0.28046875 0.08125 0.05703125
2 0.125 0.221875 0.07421875 0.06328125
2 0.1234375 0.1625 0.07421875 0.06171875
2 0.128125 0.10625 0.07421875 0.06875
4 0.36484375 0.11796875 0.06796875 0.0671875
4 0.36171875 0.178125 0.07265625 0.06171875
4 0.36484375 0.2359375 0.06796875 0.065625
4 0.1140625 0.6265625 0.06640625 0.0703125
4 0.1125 0.690625 0.06796875 0.0671875
4 0.11328125 0.75625 0.07109375 0.06171875
4 0.10546875 0.809375 0.078125 0.06171875
4 0.10546875 0.87265625 0.075 0.0671875
4 0.875 0.82734375 0.07109375 0.06875
4 0.878125 0.88984375 0.07421875 0.07265625
4 0.58203125 0.359375 0.06953125 0.065625
4 0.58515625 0.29765625 0.07109375 0.05703125
4 0.58671875 0.24375 0.0625 0.065625
4 0.59140625 0.184375 0.06640625 0.065625
4 0.59296875 0.12578125 0.07265625 0.05703125
2 0.36640625 0.74453125 0.0625 0.06875
2 0.36328125 0.80859375 0.075 0.065625
2 0.375 0.87109375 0.07109375 0.0671875
2 0.5734375 0.64375 0.0640625 0.0640625
2 0.57109375 0.7015625 0.065625 0.065625
2 0.56796875 0.75625 0.065625 0.06171875
2 0.56953125 0.81171875 0.06796875 0.06328125
2 0.56953125 0.86640625 0.06796875 0.06875
2 0.890625 0.13203125 0.07109375 0.06015625
2 0.8875 0.1875 0.07421875 0.065625