0 0.496875 0.515625 0.0859375 0.90859375
3 0.24140625 0.48515625 0.0625 0.0796875
3 0.39609375 0.615625 0.05390625 0.0765625
1 0.4984375 0.50859375 0.9734375 0.9671875
4 0.50703125 0.39609375 0.08515625 0.09609375
4 0.4984375 0.47578125 0.078125 0.0859375
2 0.48515625 0.58359375 0.0875 0.10703125
2 0.0828125 0.1453125 0.08515625 0.0796875
2 0.08359375 0.2140625 0.090625 0.0765625
2 0.075 0.27421875 0.08125 0.0890625
2 0.07734375 0.3546875 0.08359375 0.09453125
2 0.35625 0.8546875 0.0890625 0.078125
2 0.35625 0.92265625 0.08203125 0.078125
2 0.35078125 0.9625 0.06953125 0.0265625
2 0.55703125 0.8578125 0.075 0.08046875
2 0.553125 0.9265625 0.0765625 0.0734375
2 0.54921875 0.97265625 0.0671875 0.02265625
2 0.8515625 0.14375 0.08203125 0.0890625
2 0.85234375 0.21953125 0.08671875 0.0796875
2 0.853125 0.290625 0.0796875 0.09453125
2 0.93046875 0.15703125 0.07421875 0.103125
4 0.646875 0.16015625 0.0859375 0.103125
4 0.5625 0.14453125 0.0765625 0.07265625
4 0.55703125 0.20703125 0.0671875 0.08515625
4 0.565625 0.2796875 0.07421875 0.09453125
4 0.2875 0.14453125 0.07421875 0.08359375
4 0.28515625 0.21796875 0.07421875 0.0875
4 0.3578125 0.2921875 0.075 0.0890625
4 0.3640625 0.14609375 0.075 0.08046875
4 0.3578125 0.2125 0.0765625 0.090625
4 0.065625 0.859375 0.07890625 0.090625
4 0.07578125 0.92109375 0.075 0.0796875
4 0.06328125 0.96484375 0.071875 0.025
4 0.925 0.96875 0.0640625 0.028125