3 0.6843405775294171 0.3913928797177726 0.09269151878308043 0.09506694678151092
3 0.6337556457044752 0.46682621928692114 0.062176347832553346 0.07288668084430358
3 0.718645298860505 0.5271513609036401 0.10550985376405234 0.10365531799270641
3 0.7008755256288005 0.6395847462030154 0.1006313527754692 0.09865179447788985
3 0.6048255379860901 0.5853877415989452 0.10362901878308026 0.09564833260556986
1 0.49375 0.4968304278922345 0.9875 0.993660855784469
0 0.4686081481759331 0.4658098460304199 0.14049752676610794 0.9316196920608398
4 0.16205964821311408 0.0799441765388235 0.09288251977166348 0.09982130494315904
4 0.03026057258650123 0.9287811603273018 0.06052114517300246 0.05803548171814892
4 0.15915230475482303 0.9285207920924513 0.08166117688202616 0.05336417867422366
4 0.31052380376623984 0.9252188038349949 0.08510451186299814 0.06145421917908275
4 0.684910991522681 0.804108433486214 0.095434516805914 0.08572434069366003
4 0.6801160621691968 0.865247279237283 0.09368101581733086 0.08088692741428895
4 0.6652603833100044 0.9245488041727257 0.08484984387822045 0.05511507496355185
4 0.8115133008004903 0.9128211855309438 0.08504084486680377 0.059869433125200024
4 0.3127453977188225 0.07430653675940437 0.09275518577927463 0.09665173283539358
4 0.30434796589388047 0.1474973881500393 0.10519151878308027 0.09573138772329269
4 0.3028226165784525 0.22427645664562876 0.10056768577927473 0.09706700842400721
4 0.29058260174970485 0.2960901597766878 0.10375635277546902 0.0988179047133354
4 0.6784513107606841 0.0722627582461347 0.09900518577927464 0.09698395330628448
4 0.6746458784414505 0.14758162336442554 0.09613485376405215 0.10315698728636992
4 0.4365821457416562 0.07721237122374387 0.050440351786885884 0.09123967254911447
2 0.23914873022833652 0.08217209242707939 0.09007585475263546 0.10757912497712722
2 0.3799010642207253 0.07152755972426843 0.089184516805914 0.08539212022276904
2 0.3783438814072001 0.14909902124679927 0.09887785178688588 0.09381438119851904
2 0.6023663132321422 0.06444656361042791 0.0894391847906915 0.09173126443829994
2 0.5983380464262281 0.1453121799173083 0.09581651878308026 0.0952330570169563
2 0.7626034762740038 0.07332453307769694 0.09269151878308027 0.09506694678151086
2 0.08974838874721183 0.9290471727233472 0.07423067885919248 0.06245761940890617
2 0.2496101614846248 0.8114329507920279 0.09068334980971962 0.08389038928660929
2 0.23461521977385108 0.9324165491523128 0.06916117688202617 0.0526997377324418
2 0.3728765651349464 0.867346062943716 0.05455484882113639 0.0772257634173381
2 0.37217888677004546 0.9235229127388299 0.04559634288963732 0.04828433885883555
2 0.6019592286710996 0.8701924281503609 0.07655718281352523 0.08155810717322143
2 0.588793383804296 0.9262413258603153 0.06740767589344294 0.04786232445307071
2 0.738825217302393 0.917475641531992 0.06772601087441502 0.055786254722484344