1 0.5 0.5 1 1
3 0.4990943298911029 0.27342564076155923 0.07980621838316751 0.07805601581733076
3 0.4289913834071607 0.23654240608459842 0.09114423658176474 0.0847516847906915
3 0.46184254473052616 0.6723406432330172 0.09975777297895938 0.0975700197716634
3 0.5171820843669231 0.7207343808757274 0.09094397748246603 0.08162668479069168
4 0.8217958544112218 0.028128375457110544 0.08303134793281686 0.05625675091422109
4 0.7613694941399038 0.038322423384803975 0.08323160703211538 0.07664484676960795
4 0.6972872077427092 0.050287935210621026 0.08166910703211538 0.0828071828135252
4 0.630961300895164 0.06389944905078546 0.07688147748246621 0.08105368182494202
4 0.5669791440476187 0.07741546239665832 0.09134449568106326 0.08787668479069152
4 0.898713884182353 0.7737586328157129 0.08146884793281686 0.07968218281352506
4 0.8253066625599832 0.7884378981387521 0.08343186613141426 0.08599584980971961
4 0.19257661474713803 0.4238354535365908 0.08791910703211539 0.08306185079830275
4 0.12375676357511882 0.4398862178710468 0.08519462523071267 0.089184516805914
4 0.06451217150239823 0.4524299802283365 0.08998225478036197 0.09093801779449713
4 0.34285961212624444 0.54706075342286 0.08459384793281668 0.07980951680591382
4 0.2829338996031731 0.5580738492782469 0.08323160703211538 0.08287084980971962
4 0.21743930753045254 0.5708722796203143 0.08000647748246603 0.08118101581733086
4 0.15237551203395933 0.5891076264642843 0.09134449568106336 0.08787668479069169
4 0.08428684608711542 0.6059078073006431 0.08791910703211539 0.08306185079830275
2 0.8523800161960124 0.28084823262543235 0.08655686613141392 0.08612318380210837
2 0.7834099706995193 0.29924274695988834 0.08675712523071262 0.08924818380210837
2 0.718646563851974 0.31279059380385843 0.09114423658176474 0.0847516847906915
2 0.3177708860280543 0.11172543129346937 0.083431866131414 0.08599584980971957
2 0.2455256462070871 0.1325910296203142 0.08166910703211538 0.08280718281352514
2 0.1752434245847172 0.1471429609509646 0.084994366131414 0.08605951680591399
2 0.10627337908822398 0.16553747528542065 0.081869366131414 0.08593218281352519
2 0.04453484269102943 0.1805204881370019 0.08499436613141402 0.08605951680591399
2 0.8765418021317817 0.4388225587091557 0.08479410703211557 0.08293451680591399
2 0.8134910896087104 0.44996298855693145 0.0782437183831675 0.0779923488211363
2 0.7559591918604639 0.4600993339180267 0.08146884793281686 0.07968218281352524
2 0.6878204611387952 0.4776807647543856 0.08791910703211539 0.08306185079830275
2 0.6267630451919514 0.49419444410786956 0.08811936613141391 0.08618685079830275
2 0.19201569633628401 0.9311240301146058 0.08323160703211538 0.08287084980971962
2 0.12281511336286206 0.9409566279471591 0.09094397748246603 0.08162668479069168