3 0.5944507823881602 0.5539187291182438 0.08314111474138901 0.08408731252120454
3 0.5385086004924309 0.49810274953666384 0.07369337955902786 0.0806349303072194
1 0.5 0.5 1 1
4 0.401962649598091 0.9629514117028979 0.08325021751493064 0.07409717659420423
4 0.33884505375840357 0.9689186695074461 0.07823540919430556 0.06216266098510772
4 0.2764905241231258 0.974077395460829 0.07794446846486114 0.05184520907834198
4 0.2126280458746189 0.9815253077118811 0.08066942496187508 0.036949384576237775
4 0.14395078105698 0.9834226244094367 0.08364895459715278 0.03315475118112658
4 0.3053591001111813 0.9114930938242157 0.080016114741389 0.08397818511654265
4 0.2439312908406258 0.9218378275821468 0.08157861474138901 0.08403274881887342
4 0.18406598157007023 0.9322371250424091 0.08157861474138897 0.08403274881887342
4 0.12338305470833413 0.9410466406515056 0.07685474715020839 0.08230655771188111
4 0.23593564646395904 0.8466195727728234 0.08633884992375007 0.08732143992586643
4 0.171546491353716 0.863886429126093 0.07997974715020835 0.08241568511654265
4 0.1108635644919799 0.8726959447351896 0.07845361474138897 0.08392362141421188
4 0.16589459697704928 0.7887500198702659 0.0816149823325695 0.08559524881887377
4 0.10219577288885484 0.8021379080747006 0.08157861474138897 0.08403274881887342
4 0.08666038544604229 0.738365584753723 0.0831774823325695 0.08564981252120454
2 0.6251643073706944 0.062423199081176904 0.08157861474138883 0.08403274881887364
2 0.6937324694147916 0.05701150198373456 0.08121493882958326 0.06840774881887365
2 0.9421927256830557 0.30143365769618263 0.07372974715020816 0.0821974303072194
2 0.8650476910137849 0.2401935681331361 0.08157861474138883 0.0840327488188736
2 0.9272931178755212 0.23143861622637035 0.07521951196784755 0.07912699400955026
2 0.7902645901401043 0.17981657412358593 0.080016114741389 0.08397818511654279
2 0.8547810318194792 0.16801846777031643 0.07845361474138883 0.08392362141421192
2 0.9124844290459375 0.16534982475655807 0.07841724715020817 0.08236112141421197
2 0.8942961670780903 0.08821440588208411 0.07997974715020853 0.08241568511654278
2 0.8305246078075349 0.09847729408651902 0.08481271751493083 0.08882937622353534
2 0.7685155702884723 0.11738849599328478 0.0831774823325695 0.08564981252120449
2 0.7053797906531944 0.12142866604888511 0.08473998233256949 0.0857043762235354
2 0.7631728004368403 0.05553333673745764 0.08259560087368065 0.060649812521204494
2 0.8301057272985763 0.046942075937684444 0.08208645459715277 0.038774812521204495
2 0.8877909407294444 0.043492182923926107 0.06620688145888884 0.02729167549789594