1 0.49479687500000014 0.49375 0.80625 0.9847083333333335
3 0.4125 0.5770833333333333 0.025 0.031937500000000084
3 0.400515625 0.6215208333333333 0.028125 0.03472916666666658
0 0.49270312499999996 0.4951458333333333 0.04582812500000007 0.9430625
2 0.4953125 0.48402083333333334 0.065625 0.0875
2 0.18801562499999996 0.8618125 0.065625 0.08193750000000008
2 0.147921875 0.04791666666666667 0.0625 0.07916666666666666
2 0.186453125 0.9416666666666667 0.06457812500000001 0.07777083333333341
2 0.25207812500000004 0.9368125 0.06457812499999997 0.0875
2 0.4390625 0.7861041666666666 0.06145312500000007 0.08610416666666675
2 0.4375 0.8666666666666667 0.0625 0.07777083333333341
2 0.435421875 0.9416666666666667 0.0625 0.075
2 0.608328125 0.8430625 0.06457812500000007 0.08610416666666675
2 0.7296875 0.9368125 0.06770312500000006 0.08472916666666658
2 0.6109375 0.9409791666666667 0.065625 0.08193750000000008
2 0.546359375 0.8652708333333333 0.06145312500000007 0.08610416666666675
2 0.55 0.9444374999999999 0.058328125000000064 0.08056249999999991
2 0.8401093749999999 0.04791666666666667 0.061453124999999886 0.07360416666666666
2 0.8401093749999999 0.1256875 0.06354687500000011 0.08472916666666665
4 0.127078125 0.8590208333333333 0.06875 0.0875
4 0.3265625 0.04652083333333333 0.061453124999999977 0.07639583333333334
4 0.38073437499999996 0.1194375 0.057296875000000025 0.075
4 0.38645312500000006 0.04583333333333333 0.0625 0.0694375
4 0.44479687500000004 0.048604166666666664 0.058328125000000064 0.075
4 0.4421875 0.11875 0.059375 0.06806250000000004
4 0.4421875 0.19235416666666666 0.057296874999999935 0.07916666666666666
4 0.6 0.05 0.0625 0.0694375
4 0.613546875 0.12014583333333334 0.06042187499999994 0.07360416666666669
4 0.722390625 0.050687499999999996 0.065625 0.07916666666666666
4 0.73125 0.12152083333333333 0.06667187499999994 0.07916666666666666
4 0.8557343749999999 0.7819375 0.06979687500000012 0.08333333333333333
4 0.858859375 0.8611041666666667 0.06354687500000011 0.08333333333333333