1 0.475 0.5010006361978449 0.95 0.9979987276043102
0 0.47087098513407133 0.5385893190981322 0.8614415187830803 0.1605889221498101
2 0.9111165721293906 0.126047511079094 0.07136034684397004 0.07420333287123645
2 0.8472132396198766 0.11701215873955878 0.07923651384016424 0.07647544408288215
2 0.3250756654761386 0.4575404181980758 0.07174234882113639 0.08430434297224661
2 0.261235999962819 0.4468215641750389 0.07630251482874764 0.08129050532212953
2 0.20042583395520772 0.43886340648851213 0.06973417984777566 0.07240210928210593
2 0.14055608543808248 0.42675535554604555 0.06992518083635883 0.07745261433261098
2 0.07893283593237407 0.4195800877484552 0.06986151384016445 0.0757691126491093
2 0.18569087741568638 0.6420373616168862 0.08105368182494202 0.08332717272251769
2 0.12106996190236674 0.6312596466410348 0.07030718281352519 0.08755362443362108
2 0.05791604589475552 0.6231249060960649 0.07298651384016444 0.07600455646036688
2 0.5791438111806138 0.9864250171877936 0.07767401384016459 0.027149965624412763
2 0.644673310686322 0.991422429731251 0.07748301285158128 0.017155140537497816
2 0.7039846436901277 0.9955780914329577 0.06485567885919252 0.008843817134084556
4 0.874806410038931 0.5268151677100075 0.07636618182494175 0.0829740070056312
4 0.81399624403132 0.5188570100234807 0.0730501808363588 0.07768805814386857
4 0.7532497450199032 0.5092153506534522 0.07936384783255335 0.07984244744988561
4 0.6884059950199031 0.5043298915698569 0.07136034684397004 0.07420333287123632
4 0.6213776625103891 0.495059095419064 0.08567751482874755 0.08199683675590247
4 0.7281038704956042 0.7183581201292457 0.07974584980971962 0.08994345755089553
4 0.7920390365032153 0.7265517216270302 0.07805601581733086 0.08645873227826346
4 0.8560697030051181 0.7322200705995621 0.07480368182494175 0.08285628510000251
4 0.27724573015397447 0.9679099711397318 0.07630251482874754 0.06418005772053659
4 0.21496856464065478 0.9627565574630638 0.06849001482874764 0.07448688507387256
4 0.1549078151349464 0.9586303262377642 0.07792868182494202 0.08273934752447157
4 0.09338006612352953 0.9491059966083158 0.07167868182494201 0.08262084128874474
4 0.03304866226324327 0.9384460035380934 0.06609732452648653 0.07925383792174137
4 0.17254616205327852 0.03663615509382097 0.06740767589344294 0.05208236717445696
4 0.11004616205327852 0.03192727886866875 0.07365767589344294 0.0525532547969722