1 0.5 0.5 1 1
0 0.4751382137064139 0.4859372191876946 0.2043675139209819 0.960250841382796
4 0.7932258400929724 0.07359737740918727 0.08693155347041034 0.08361413354437944
4 0.7882544808063635 0.14469112740918727 0.0979783141140718 0.08549488229073816
4 0.6547642736331121 0.06904993289860589 0.08046303218308673 0.0803072771178887
4 0.7714355154121133 0.9092477209035543 0.08682229282674854 0.08205163354437914
4 0.7135351701233608 0.7783901774883295 0.08994729282674854 0.08214256175762494
4 0.7111807124459062 0.8455094813283957 0.08682229282674854 0.08205163354437914
4 0.6993419941247898 0.9144640698081975 0.08336951089576328 0.07727320533113406
4 0.5985382368353228 0.7170244316449648 0.09529035668871888 0.09165395407749273
4 0.5789416488360374 0.7854250906578801 0.09285377153942491 0.07910848997087001
4 0.5908682124459063 0.849010217538342 0.08983803218308672 0.08058006175762458
4 0.5654586670212677 0.9113427329777481 0.08315098960843983 0.07414820533113406
4 0.49976261120506893 0.903118707509212 0.08558757475773363 0.08669366943775643
3 0.2871633302824899 0.6208303593959916 0.05516810124083724 0.05306281551854859
3 0.14941195800643076 0.6061266648854102 0.057058383171822456 0.05779577962517131
2 0.3320973159556574 0.1454893785963215 0.09307229282674845 0.08223348997087014
2 0.4203132279563719 0.21075301425227194 0.08972877153942509 0.07901756175762475
2 0.16510619393169973 0.0583483944314391 0.09172831411407194 0.08531302586424745
2 0.29424739071339107 0.062387373581756556 0.08224405347041017 0.08347774122451138
2 0.36177909813874415 0.06665968494366994 0.08558757475773371 0.08669366943775673
2 0.42958395717325154 0.0670257463055833 0.09060285668871888 0.09151756175762478
2 0.43565935853030435 0.13623874755922455 0.07911905347041034 0.083386813011266
2 0.28258581888252354 0.8423871106496328 0.09038433540139543 0.08839256175762493
2 0.28157533991774547 0.912585950383076 0.086603771539425 0.07892663354437915
2 0.16345839649024882 0.706294149446004 0.08904035668871887 0.09147209765100203
2 0.15240092816913248 0.7752260058724948 0.08358803218308677 0.08039820533113406
2 0.14931985081350874 0.8415867917658721 0.08326025025210156 0.07571070533113407
2 0.14184085056140722 0.915092487925806 0.08515053218308677 0.08044366943775642
2 0.023482514578934098 0.8419087036817814 0.046965029157868196 0.08356866943775679
2 0.019770329613798758 0.9130024536817813 0.039540659227597516 0.08030727711788863