1 0.52421875 0.49966097964516765 0.9515625 0.9993219592903353
2 0.6223716627570192 0.17470767869709278 0.08024451089576327 0.09127543339570693
0 0.5245561476738819 0.4827172049315143 0.2549473960843981 0.8675269229406956
2 0.6172035615161819 0.11269947579007977 0.07155792574646931 0.07612847800595984
2 0.6051134709190065 0.052669397395493235 0.07802644703379294 0.07997536562602815
2 0.6567470267352051 0.03983675263111648 0.07333894703379293 0.07967350526223296
2 0.7078724841605581 0.036672715333864445 0.07824496832111638 0.07334543066772889
4 0.764575952229573 0.030618044251321943 0.07290190445914586 0.061236088502643886
4 0.8299699033738651 0.6120091820257613 0.07991672896477801 0.08563633565134603
4 0.8465125471893493 0.681383075958557 0.08024451089576345 0.09127543339570693
4 0.9221024090738483 0.7442867254706286 0.0766824683211162 0.08371289184131185
4 0.8680704729358186 0.7563304507928428 0.0751199683211162 0.08369101956035502
4 0.8797617257858104 0.8229504126963288 0.07846348960843982 0.08749416261850929
4 0.9346295422456707 0.8118356008576962 0.07846348960843982 0.08749416261850929