1 0.5 0.5 1 1
0 0.47143399753598986 0.5187126101560162 0.9137387322628282 0.18693885270291424
2 0.052015478100774906 0.11942559173473796 0.0885198843300113 0.09327716335136157
2 0.11834138494832014 0.10933398582006025 0.08872014342930994 0.09649777526762567
2 0.5996474375415272 0.4315471070913867 0.09799501387966067 0.09505611727981461
2 0.6730045943890725 0.42158198715444967 0.09320738433001133 0.09336148733652207
2 0.736636297812845 0.4170842901006539 0.09603199568106327 0.08858678545223281
2 0.8077801125876697 0.4175580508965217 0.09507027297895938 0.09822051320597165
2 0.8761994455610917 0.41153437186975433 0.09174501387966032 0.09494368529960058
2 0.7428805960871154 0.6436976811539017 0.09174501387966068 0.0949436852996005
2 0.811500188159836 0.6344533902108701 0.09350777297895937 0.09819240521091821
2 0.880219909782206 0.6235987933097067 0.08851988433001132 0.09327716335136157
2 0.35601763958102384 0.9530227902197389 0.09174501387966068 0.0939544195605223
2 0.2890606770579526 0.9576800706850714 0.08685725478036196 0.08463985862985701
2 0.22182311228312793 0.9578809017704873 0.08675712523071262 0.08423819645902522
2 0.15116015885935527 0.9628704887377194 0.08918121838316742 0.07425902252456128
2 0.08445352021040733 0.9670830307209387 0.09326794108527148 0.06583393855812252
4 0.0633804680786256 0.47751783633370193 0.08313147748246608 0.08192069765927676
4 0.1301872362772229 0.4722712022909472 0.08635660703211538 0.08358721960751568
4 0.2010003840254695 0.46548453227769404 0.08469397748246603 0.0819488056543302
4 0.2694697817737161 0.45865570027186064 0.08841975478036197 0.09166685739322952
4 0.338670364747138 0.45264607524262007 0.08948160703211538 0.08364343559762293
4 0.07128739590254532 0.7025490294238711 0.08705751387966063 0.09485936131443999
4 0.14454442320044122 0.6941942154450662 0.092806866131414 0.08692026350399389
4 0.21208237662421386 0.6897667883789041 0.08529475478036197 0.09161064140312247
4 0.6161633976005882 0.933209553919584 0.09038277297895939 0.09813618922081097
4 0.6857144339977829 0.9215638580368813 0.08715764342931002 0.09646966727257204
4 0.7524711374215555 0.9171223769731927 0.08988212523071262 0.09008465943015073
4 0.8198088317460295 0.9159155618232945 0.08705751387966068 0.09485936131444037
4 0.8937469794942761 0.9091851078001485 0.08665699568106326 0.08841813748191181
4 0.7890031408084163 0.052884042489762015 0.08449371838316751 0.07872819373806618
4 0.8595659646825397 0.05012313737183897 0.08399307063492074 0.07067666394740595