1 0.49765625 0.49375 0.86484375 0.88046875
3 0.30078125 0.446875 0.065625 0.0640625
3 0.24921875 0.5109375 0.06953125 0.07578125
3 0.69140625 0.52734375 0.08203125 0.08203125
3 0.7515625 0.478125 0.065625 0.07578125
4 0.11328125 0.1015625 0.065625 0.0671875
4 0.11875 0.16328125 0.06953125 0.0671875
4 0.1203125 0.22734375 0.06953125 0.065625
4 0.11953125 0.29375 0.06796875 0.0609375
4 0.11953125 0.35859375 0.07109375 0.07421875
4 0.8859375 0.11015625 0.06640625 0.065625
4 0.88515625 0.18359375 0.07109375 0.0671875
4 0.38515625 0.7640625 0.06796875 0.07265625
4 0.38671875 0.8328125 0.07421875 0.0671875
4 0.38671875 0.8921875 0.0765625 0.07265625
4 0.540625 0.63046875 0.06640625 0.06875
4 0.5390625 0.68984375 0.06953125 0.0671875
4 0.5375 0.75546875 0.06953125 0.0640625
4 0.54140625 0.82109375 0.07109375 0.07421875
4 0.54375 0.88984375 0.06796875 0.07109375
2 0.38359375 0.10078125 0.07109375 0.0703125
2 0.3875 0.17109375 0.07421875 0.06875
2 0.38671875 0.2359375 0.06953125 0.07578125
2 0.10078125 0.60625 0.07109375 0.0671875
2 0.10546875 0.6796875 0.06796875 0.065625
2 0.10546875 0.75 0.07109375 0.06875
2 0.10859375 0.81953125 0.07265625 0.065625
2 0.1109375 0.88203125 0.07109375 0.06875
2 0.546875 0.0953125 0.06796875 0.06875
2 0.54453125 0.1578125 0.06640625 0.0625
2 0.5421875 0.215625 0.06640625 0.065625
2 0.5453125 0.284375 0.06796875 0.07109375
2 0.5484375 0.34609375 0.07109375 0.07265625
2 0.89140625 0.8203125 0.06953125 0.0671875
2 0.88671875 0.88984375 0.06640625 0.07421875