0 0.49879687500000003 0.4912318840579711 0.07210937499999996 0.8653985507246376
4 0.0829375 0.1275 0.074515625 0.07943840579710144
4 0.08834375 0.19788043478260872 0.0733125 0.07246376811594203
4 0.084140625 0.2619927536231884 0.076921875 0.07525362318840584
4 0.0859375 0.3253985507246377 0.078125 0.07943840579710149
4 0.08653125 0.39507246376811594 0.079328125 0.09057971014492754
1 0.501203125 0.49331521739130424 0.9302812500000002 0.886286231884058
4 0.89903125 0.1309963768115942 0.07210937500000014 0.07804347826086953
4 0.9086562499999999 0.20206521739130437 0.07692187500000003 0.07804347826086959
3 0.61478125 0.5197826086956522 0.046875 0.06967391304347832
3 0.69290625 0.6034057971014493 0.05168750000000007 0.06688405797101442
4 0.370796875 0.7852536231884057 0.06851562500000004 0.08221014492753623
4 0.376203125 0.8479710144927536 0.06731249999999997 0.06271739130434784
4 0.372 0.9009239130434783 0.06851562500000004 0.03483695652173916
4 0.563703125 0.6507789855072464 0.06731250000000007 0.08083333333333334
4 0.5673125 0.722554347826087 0.07210937499999996 0.07385869565217389
4 0.566703125 0.7866485507246377 0.06851562500000004 0.06827898550724648
4 0.56790625 0.8521376811594202 0.06851562500000004 0.06827898550724648
4 0.5642968749999999 0.9016123188405797 0.06610937499999991 0.03902173913043472
2 0.347953125 0.13028985507246377 0.07571874999999997 0.07943840579710144
2 0.352765625 0.19509057971014493 0.07331250000000003 0.06409420289855072
2 0.350359375 0.26755434782608695 0.078125 0.08083333333333334
2 0.097953125 0.6410326086956523 0.07331250000000003 0.07246376811594203
2 0.10096875000000001 0.7121014492753623 0.084140625 0.07525362318840573
2 0.099765625 0.777590579710145 0.07210937499999999 0.07246376811594203
2 0.09315625 0.8409963768115942 0.08053125000000001 0.08499999999999992
2 0.100359375 0.9002173913043479 0.08534375000000001 0.04737318840579706
2 0.897234375 0.8472644927536231 0.078125 0.07525362318840573
2 0.89903125 0.9009239130434783 0.07451562500000009 0.040416666666666566
2 0.56490625 0.39855072463768115 0.06731250000000007 0.07804347826086953
2 0.5655 0.32817028985507246 0.07331249999999993 0.08221014492753623
2 0.566109375 0.2584963768115942 0.0745156249999999 0.06548913043478256
2 0.5655 0.1916123188405797 0.07090624999999999 0.07385869565217393
2 0.56971875 0.12123188405797101 0.06731250000000007 0.06967391304347828