1 0.5040484818322886 0.5020021157567807 0.904971963664577 0.9959957684864386
3 0.41803123349927845 0.5414900696850435 0.0794321506088231 0.1036196630647692
3 0.5756524148628266 0.5506204449235191 0.07423446757828493 0.09492230868474867
2 0.23314721091032525 0.06164770146213032 0.07566942182065048 0.09296031570031095
2 0.24347893303053816 0.027201757586630036 0.06820786606107632 0.021884301669186017
2 0.8440358819820697 0.5020026691391695 0.07098192182065048 0.09259629465362357
2 0.8524544177377645 0.43630672526366915 0.07397937606301604 0.09075564201808177
2 0.8615266577358248 0.3685881182292834 0.0742344675782853 0.09492230868474844
2 0.8670115121279716 0.3057744936559915 0.07098192182065048 0.09259629465362357
2 0.8721137292472146 0.23671086908269967 0.07436201333591938 0.09700564201808178
2 0.566499523966079 0.9689949014527187 0.07110946757828493 0.06201019709456261
2 0.5749180597217739 0.9196336730234156 0.07397937606301604 0.09075564201808177
2 0.5863978225986515 0.8531387431790401 0.07761455909355401 0.09933165604920664
2 0.44177136456326416 0.662555810015116 0.08593724212409234 0.10827169112701919
2 0.42834646441348295 0.7226793995105957 0.07423446757828493 0.09492230868474844
2 0.42149042865778813 0.7884966837349917 0.0760520590935542 0.099210315700311
2 0.4146343929020933 0.8543139679593879 0.07110946757828493 0.0946796279869569
2 0.4055621529040329 0.9220325749937734 0.07410692182065048 0.09283897535141511
4 0.14950385835434638 0.7528607998682373 0.07410692182065048 0.09283897535141511
4 0.1434928454774688 0.8197804209337479 0.07098192182065048 0.09259629465362357
4 0.78890068245081 0.9750058995576538 0.07279951333591957 0.04998820088469245
4 0.7973192182065049 0.9327580060744002 0.07930460485118865 0.10153632973143586
4 0.8063914582045651 0.8650393990400145 0.0773594675782853 0.09516498938253998
4 0.8139011982026254 0.797199451656733 0.07436201333591938 0.09700564201808201
4 0.6457264434915198 0.28547983428723606 0.07436201333591956 0.09700564201808178
4 0.65323618348958 0.2176398869039545 0.07267196757828494 0.09480096833585266
4 0.6599646734876404 0.1497392693462251 0.06941942182065049 0.09247495430472773
4 0.5085138727290361 0.101692932693343 0.07723192182065049 0.09308165604920673
4 0.5008765869733411 0.16744954674329116 0.0722893303053814 0.08855096833585267
4 0.49551927833882914 0.23234650464991635 0.07085437606301603 0.09051296132029023
4 0.48710074258313424 0.2980424485254166 0.07085437606301603 0.09051296132029023