3 0.077015625 0.5392629482071712 0.04464062500000001 0.056912350597609664
1 0.51115625 0.5008565737051793 0.8192031249999999 0.9362549800796812
4 0.139515625 0.08324701195219124 0.06473437500000001 0.07826693227091634
4 0.140625 0.1593625498007968 0.06026562499999999 0.0739840637450199
4 0.150109375 0.2333466135458167 0.06584374999999998 0.0796812749003984
4 0.14453125 0.3059163346613546 0.06360937500000001 0.07683266932270914
4 0.14453125 0.385597609561753 0.06360937500000001 0.08252988047808767
4 0.390625 0.7697808764940239 0.06920312499999995 0.08252988047808756
4 0.393421875 0.8451992031872511 0.06807812499999999 0.07683266932270927
4 0.3911875 0.9184661354581674 0.06584374999999998 0.08109561752988055
4 0.87165625 0.15366533864541831 0.07365625000000016 0.07683266932270914
4 0.8733281249999999 0.07896414342629482 0.0725468750000001 0.07826693227091631
4 0.568640625 0.6225099601593626 0.07254687499999993 0.08394422310756969
4 0.568640625 0.6979282868525897 0.07254687499999993 0.08394422310756969
4 0.573109375 0.7726294820717132 0.06807812500000007 0.0796812749003984
4 0.57365625 0.8466135458167331 0.0625 0.08252988047808756
4 0.57478125 0.9241633466135458 0.06473437499999993 0.08394422310756969
3 0.318078125 0.46741035856573704 0.05134375000000002 0.05834661354581677
3 0.786265625 0.4887649402390439 0.03682812500000008 0.052649402390438145
3 0.321421875 0.5250398406374502 0.05579687499999997 0.05976095617529881
3 0.7494375 0.4951593625498008 0.04798437500000006 0.056912350597609664
2 0.86328125 0.8387848605577689 0.06584375000000016 0.07826693227091626
2 0.8839218750000001 0.9120717131474104 0.06696874999999984 0.08252988047808756
2 0.564734375 0.38418326693227095 0.0625 0.0796812749003984
2 0.56696875 0.30378486055776893 0.0625 0.07826693227091637
2 0.569203125 0.2290836653386454 0.06473437499999993 0.07683266932270914
2 0.56696875 0.15509960159362549 0.06473437499999993 0.07113545816733069
2 0.564734375 0.08181274900398407 0.0625 0.0754183266932271
2 0.396203125 0.08252988047808765 0.07365624999999998 0.08252988047808764
2 0.396203125 0.15438247011952191 0.06696875000000002 0.0810956175298805
2 0.3911875 0.2340637450199203 0.06360937500000005 0.08109561752988044
2 0.14396875 0.6125498007968128 0.06696874999999998 0.08679282868525906
2 0.14509375 0.6915139442231075 0.06920312499999999 0.07683266932270927
2 0.14453125 0.7669322709163346 0.0703125 0.08252988047808756
2 0.14396875 0.8416334661354582 0.07365625000000002 0.08679282868525906
2 0.142859375 0.9191832669322709 0.06920312499999999 0.08537848605577691
0 0.510609375 0.5001394422310756 0.06139062499999994 0.8949800796812748