1 0.49375 0.49993334728530814 0.9875 0.9998666945706163
3 0.4869838839982933 0.7112413756182698 0.07380568114108108 0.07898821987151058
3 0.416305356909988 0.755031857634116 0.08503427956950453 0.08560151743071961
3 0.49066127150673394 0.294801554641517 0.09499147642635145 0.09875193801806119
3 0.5485679708447802 0.23963537958703438 0.08481595574818712 0.08069153379733172
4 0.7720886683253088 0.9565728342939228 0.0768579065339754 0.07737060229315017
4 0.7164936397892615 0.9421856687836027 0.07871150496239868 0.08392676895405217
4 0.6560655620390025 0.9311003911446947 0.07714900496239885 0.08391724713766735
4 0.5940022096816376 0.9216612965333008 0.07075345574818712 0.080605837449871
4 0.5335013573242728 0.9122126801055219 0.08339900496239867 0.08395533440320586
4 0.9201390638965201 0.15637826187757448 0.07544095574818713 0.08063440289902446
4 0.8511172361462611 0.14534535422878153 0.07871150496239884 0.08392676895405213
4 0.2071230636916323 0.5763226568873449 0.08332623035529281 0.08231867319207657
4 0.14360637324492626 0.5644380922756413 0.07885705417661044 0.08720009137631077
4 0.08779302088756141 0.5549609103987091 0.08525260339082215 0.09051150106410749
4 0.36334529259918313 0.43547402896287385 0.07856595574818703 0.08065344653179359
4 0.3082404156347124 0.42762874738887857 0.07871150496239868 0.08392676895405217
4 0.24610428867024173 0.4198263139886139 0.07558650496239876 0.08390772532128292
4 0.18504051013419442 0.4054724748356396 0.08339900496239872 0.08395533440320586
4 0.1223414569910413 0.39276481871017926 0.0817637303552929 0.08230915137569195
2 0.8282103515333045 0.6780738175431752 0.08183650496239885 0.08394581258682124
2 0.7632767103008102 0.6629254523255976 0.0804195541766104 0.08720961319269521
2 0.7019582206398924 0.6542999274115759 0.08503427956950453 0.08560151743071961
2 0.29765590260954305 0.8940153007542286 0.07871150496239868 0.08392676895405217
2 0.22963364868060165 0.8780676485638556 0.0755137303552929 0.08227106411015361
2 0.16448168362678972 0.8678292669796658 0.08027400496239875 0.08393629077043661
2 0.09869401778718952 0.8543223238814098 0.07722177956950457 0.08555390834879703
2 0.04142732734048344 0.8423996720041682 0.08027400496239873 0.08393629077043661
2 0.8661748860652079 0.5093120373773591 0.07863873035529281 0.08229010774292288
2 0.8071273717971842 0.5023088909498898 0.07224318114108108 0.07897869805512614
2 0.7519497202256076 0.49610027058702394 0.07544095574818713 0.0806344028990245
2 0.6892870543860073 0.4825742838559988 0.0817637303552928 0.08230915137569175
2 0.6312755012428543 0.4698380622813848 0.08339900496239867 0.08395533440320586
2 0.25659244830458894 0.0434323226944139 0.07871150496239868 0.08392676895405214
2 0.19118577212590648 0.03963163066982518 0.08325345574818703 0.07926326133965036