0 0.51321875 0.5159474671669794 0.04085937499999996 0.838517823639775
1 0.51621875 0.5173921200750469 0.7752343749999998 0.861594746716698
3 0.50240625 0.49140712945591 0.026437499999999937 0.03318949343339597
3 0.67909375 0.48491557223264536 0.028843750000000057 0.0375234521575985
2 0.16646875 0.13061913696060037 0.068515625 0.07071294559099436
2 0.165265625 0.1955534709193246 0.066109375 0.07938086303939963
2 0.165859375 0.26915572232645407 0.060093750000000015 0.07071294559099436
2 0.168265625 0.3355534709193246 0.06490625000000003 0.0764915572232645
2 0.173671875 0.40915572232645403 0.06370312499999997 0.0764915572232645
2 0.859375 0.12699812382739212 0.06971874999999983 0.08082551594746713
2 0.34195312499999997 0.7627392120075047 0.06370312499999997 0.07360225140712949
2 0.339546875 0.8334521575984991 0.06370312499999997 0.07071294559099447
2 0.337140625 0.900562851782364 0.06370312499999997 0.07215759849906198
2 0.466953125 0.6205816135084428 0.06129687500000003 0.07215759849906198
2 0.46575 0.6920262664165103 0.06129687500000003 0.07071294559099447
2 0.46634374999999995 0.7627392120075047 0.0625 0.07360225140712949
2 0.46634374999999995 0.8334521575984991 0.05768749999999993 0.0764915572232645
2 0.4639375 0.9041651031894935 0.06009375000000006 0.07360225140712949
2 0.859375 0.19699812382739212 0.06490624999999994 0.07649155722326456
4 0.1670625 0.905609756097561 0.06490624999999998 0.0764915572232645
4 0.165859375 0.8348968105065666 0.06490624999999998 0.0764915572232645
4 0.16646875 0.763452157598499 0.058890624999999995 0.07215759849906198
4 0.16946875 0.6934709193245778 0.06490624999999998 0.0764915572232645
4 0.168265625 0.6241838649155722 0.060093750000000015 0.07360225140712949
4 0.466953125 0.12699812382739212 0.06610937499999991 0.08082551594746713
4 0.466953125 0.20204502814258912 0.06610937499999991 0.08082551594746713
4 0.46634374999999995 0.26915572232645407 0.06490624999999994 0.08227016885553476
4 0.466953125 0.3391557223264541 0.06851562500000004 0.07793621013133212
4 0.629203125 0.12844277673545965 0.0661093750000001 0.075046904315197
4 0.636421875 0.19844277673545965 0.06370312499999997 0.07071294559099436
4 0.68028125 0.7591369606003753 0.0625 0.075046904315197
4 0.6923125 0.830562851782364 0.0625 0.0764915572232645
4 0.688703125 0.8991181988742964 0.0625 0.075046904315197