1 0.50059375 0.4945112781954887 0.782453125 0.9022556390977443
2 0.65565625 0.2118233082706767 0.06610937499999991 0.07663533834586463
0 0.49759374999999995 0.48872180451127817 0.0817343750000001 0.8617669172932332
2 0.66346875 0.15037593984962405 0.06009375000000006 0.06362781954887217
2 0.66346875 0.08964285714285714 0.06490624999999994 0.06650375939849623
2 0.71634375 0.0874812030075188 0.06009375000000006 0.06795112781954886
2 0.7698281250000001 0.08964285714285714 0.06370312499999997 0.07518796992481203
4 0.82753125 0.09327067669172934 0.058890625000000085 0.07084586466165413
4 0.7716406250000001 0.6824812030075188 0.06490624999999994 0.07229323308270684
4 0.7734375 0.7540413533834586 0.06610937499999991 0.07663533834586463
4 0.83534375 0.832124060150376 0.0625 0.07084586466165402
4 0.7794531250000001 0.832124060150376 0.06129687500000003 0.07084586466165402
4 0.7782500000000001 0.8986466165413534 0.06370312499999997 0.07374060150375943
4 0.834734375 0.9000939849624061 0.06370312499999997 0.07374060150375943