1 0.503546875 0.501534733441034 0.9559687500000003 0.9737156704361875
0 0.503546875 0.500080775444265 0.05256249999999998 0.9472697899838449
2 0.074578125 0.05948303715670436 0.069609375 0.07489499192245558
2 0.073859375 0.12704361873990308 0.0681875 0.06903069466882066
2 0.073859375 0.19605815831987075 0.071015625 0.0719709208400646
2 0.07528125 0.26508885298869145 0.07385937499999999 0.06609046849757677
2 0.07315625 0.33190630048465264 0.0724375 0.07342487883683359
2 0.9318125 0.05873990306946688 0.07101562500000007 0.07050080775444265
2 0.930390625 0.1263004846526656 0.06818750000000015 0.06756058158319869
2 0.371453125 0.8033441033925687 0.06960937500000001 0.06756058158319861
2 0.37145312499999994 0.8701777059773829 0.07243750000000002 0.07197092084006455
2 0.37215625 0.9399353796445882 0.07385937499999998 0.07342487883683367
2 0.571015625 0.6674959612277868 0.07101562500000007 0.07489499192245559
2 0.5703125 0.7350565428109854 0.06960937499999993 0.06903069466882071
2 0.5703125 0.8040872374798061 0.06960937499999993 0.06903069466882071
2 0.568890625 0.8716478190630048 0.07528124999999992 0.07489499192245541
2 0.569609375 0.9421324717285944 0.07385937499999998 0.07489499192245541
4 0.07528125 0.6674959612277868 0.071015625 0.07197092084006455
4 0.074578125 0.737253634894992 0.0724375 0.06756058158319879
4 0.37215625 0.19827140549273023 0.07385937499999998 0.07050080775444267
4 0.37429687500000003 0.12996768982229404 0.07243750000000002 0.06903069466882066
4 0.37357812500000004 0.05726978998384492 0.07385937499999998 0.07636510500807756
4 0.073859375 0.8033441033925687 0.07385937499999999 0.06756058158319861
4 0.074578125 0.8709046849757675 0.0724375 0.07342487883683367
4 0.07528125 0.94140549273021 0.071015625 0.07050080775444281
4 0.933234375 0.8723747980613893 0.0653437499999999 0.07342487883683367
4 0.9311093749999999 0.9421324717285944 0.06960937499999993 0.07489499192245541
4 0.5703125 0.3341195476575121 0.06676562500000002 0.06903069466882071
4 0.5703125 0.2643618739903069 0.06676562500000002 0.06756058158319869
4 0.568890625 0.1938610662358643 0.07528124999999992 0.07342487883683359
4 0.5703125 0.12704361873990308 0.07243750000000002 0.06903069466882066