1 0.50078125 0.49921875 0.88125 0.8796875
0 0.496875 0.48984375 0.0375 0.834375
3 0.7359375 0.4921875 0.0296875 0.03515625
3 0.6625 0.52265625 0.02890625 0.0375
2 0.37265625 0.2625 0.06953125 0.078125
2 0.36484375 0.1859375 0.06640625 0.07578125
2 0.3734375 0.10703125 0.07109375 0.07578125
2 0.55078125 0.109375 0.07421875 0.07421875
2 0.54921875 0.18359375 0.06953125 0.07421875
2 0.55078125 0.259375 0.06953125 0.0796875
2 0.5484375 0.3359375 0.0671875 0.0765625
2 0.54921875 0.409375 0.06953125 0.08125
2 0.89453125 0.80546875 0.071875 0.08671875
2 0.89609375 0.88515625 0.0734375 0.084375
2 0.1078125 0.56328125 0.071875 0.08125
2 0.1078125 0.64453125 0.07421875 0.078125
2 0.10546875 0.721875 0.07421875 0.0796875
2 0.10390625 0.80078125 0.0734375 0.084375
2 0.10234375 0.88125 0.071875 0.08125
4 0.115625 0.109375 0.06953125 0.0828125
4 0.115625 0.18828125 0.06875 0.0765625
4 0.115625 0.26328125 0.06875 0.0765625
4 0.11328125 0.3375 0.06953125 0.0765625
4 0.1109375 0.41328125 0.06953125 0.08125
4 0.36640625 0.72421875 0.0671875 0.078125
4 0.3671875 0.80234375 0.06875 0.078125
4 0.378125 0.88125 0.06875 0.08125
4 0.55078125 0.56953125 0.06875 0.0765625
4 0.55 0.64453125 0.06640625 0.08125
4 0.553125 0.7234375 0.07421875 0.0859375
4 0.55 0.8015625 0.06640625 0.0828125
4 0.884375 0.190625 0.06953125 0.07421875
4 0.88125 0.1125 0.0671875 0.0796875