1 0.49375 0.5004000742822295 0.9875 0.9991998514355409
3 0.55797858095589 0.7192970969736991 0.07293155771188112 0.08113164423425305
3 0.502752878416152 0.7803653356599194 0.08408731252120454 0.08807836336099985
3 0.4335465876641299 0.32228723164591877 0.09389882213985139 0.1015145738633738
3 0.47258429501319127 0.25407223669183704 0.08392362141421188 0.08316837972761196
4 0.9072196344066018 0.8721768912288232 0.0760565577118811 0.08124595117203309
4 0.8492707251507745 0.8741538659077192 0.07778274881887341 0.08621308827431082
4 0.7880604066391204 0.8801081866766582 0.07622024881887376 0.08615593480542098
4 0.7251784607228045 0.8892786763989662 0.06986112141421189 0.08265399850760229
4 0.6639135785088193 0.8968696583790345 0.08247024881887377 0.08638454868098071
4 0.8056944392928941 0.06961796635431702 0.07454862141421188 0.08282545891427234
4 0.7357539615254126 0.07934959607218484 0.07778274881887377 0.08621308827431078
4 0.24673354610949966 0.6702231953397391 0.08241568511654282 0.08474788746985142
4 0.18237094574667995 0.6768815397764631 0.0778918762235354 0.08948641069656942
4 0.12582084538386026 0.6838256515576366 0.08425100362819707 0.09298834699438774
4 0.3543526170682247 0.4922687763822327 0.07767362141421189 0.08293976585205223
4 0.29852920300307406 0.5008781261089806 0.07778274881887359 0.08621308827431082
4 0.23642850708675808 0.5100771925657335 0.07465774881887359 0.08609878133653096
4 0.1737102522774347 0.5143376986546534 0.08247024881887363 0.08638454868098053
4 0.10859368376578042 0.5201491357513678 0.08085318511654278 0.08469073400096139
2 0.875925027505178 0.5908218339345754 0.08090774881887342 0.08632739521209068
2 0.8093005226958547 0.5949394563512705 0.07945437622353531 0.08954356416545925
2 0.7479810767795387 0.6041670995424684 0.08408731252120454 0.08807836336099985
2 0.4315078170760739 0.9465409947128598 0.07778274881887377 0.08621308827431082
2 0.3609770622667504 0.95051573345733 0.07460318511654282 0.08446212012540184
2 0.2949973982015999 0.9578092323823466 0.07934524881887359 0.08438153523530686
2 0.22753707968994563 0.9602914972606991 0.07627481252120454 0.07941700547860196
2 0.16877963858295306 0.9628737807096087 0.07923612141421196 0.07425243858078263
2 0.8620684025475871 0.4198946496160045 0.07772818511654264 0.08457642706318153
2 0.8022841747801058 0.4299977768816568 0.07136905771188111 0.0810744907653632
2 0.7472147288637897 0.43945403394841426 0.07454862141421188 0.08282545891427237
2 0.6829066922033009 0.4444757171740089 0.08085318511654283 0.08469073400096121
2 0.6233134373939775 0.4488505302007088 0.08247024881887359 0.08638454868098053
2 0.13110861234371926 0.1498168689783667 0.07778274881887363 0.08621308827431082
2 0.0665004753204107 0.1638401888651725 0.08241568511654278 0.08474788746985132