1 0.49736060065191834 0.49833298275716836 0.8490287986961633 0.9966659655143367
3 0.4253004143689106 0.37809118483393517 0.027053423701106104 0.038530519750114206
3 0.39025325852471193 0.37112177469928226 0.030232970779006864 0.042818424034441215
0 0.49671571834667017 0.4700640768899955 0.7103216655834312 0.2191269870667661
2 0.5045009448077197 0.4718443161791777 0.07471935633066593 0.100765750681688
2 0.18646755965980238 0.13123710020262255 0.07003185633066593 0.10058389425519729
2 0.12618857873452588 0.14294592434258688 0.06687958279171564 0.09837932330420346
2 0.13835161363756193 0.2278473311341965 0.07469208279171564 0.09868241734835467
2 0.27289243466145 0.4485545426238019 0.07307503571381498 0.09445513187285784
2 0.21261345373617352 0.46026336676376617 0.06685230925276527 0.09629598997087024
2 0.15704924634984732 0.46970700114390646 0.06528980925276531 0.09623537116203996
2 0.2518963218379623 0.6805016589253496 0.07312958279171564 0.0986217985395245
2 0.19650761810508408 0.8554793650922446 0.0747466298696163 0.10284908401502121
2 0.17902188352635956 0.6999871002026226 0.07003185633066597 0.1005838942551975
2 0.2271514663180752 0.6023352026043819 0.07307503571381488 0.0944551318728576
2 0.1683395280064725 0.6212750746021828 0.06989548863591426 0.09016722758853082
2 0.8712212459461055 0.8511670396775802 0.06367276217486477 0.092008085686543
2 0.8132587414818786 0.8648682689376325 0.07312958279171547 0.09862179853952427
4 0.18177610551988707 0.07207426603352841 0.07110343262955983 0.06314451306402755
4 0.809772646104966 0.17681155274160776 0.06682503571381489 0.09421265663753679
4 0.7618339780859028 0.259880117006515 0.0652079886359143 0.08998537116203983
4 0.8181112516248531 0.255614506555293 0.06057503571381488 0.09397018140221587
4 0.8225845174531656 0.3314440073910538 0.0652079886359143 0.08998537116203996
4 0.7701453100668395 0.34076640415353354 0.060520488635914305 0.0898035147355492
4 0.7153214423720878 0.35330472912925864 0.0683329886359143 0.0901066087797003
4 0.8409781870970822 0.5368756534718455 0.06057503571381488 0.09397018140221576
4 0.7906236310907275 0.5658987886877466 0.06367276217486459 0.092008085686543
4 0.8544894878284307 0.6977277987168764 0.06846935633066593 0.1005232754463672
4 0.8034218656694521 0.7215729100038593 0.0700591298696164 0.10266722758853059
4 0.3246950734628154 0.9650313372926679 0.06932274431795715 0.04641722758853059
4 0.26675984253753887 0.9766492332193868 0.0690772824674041 0.027667227588530588