1 0.5029793551161453 0.5045773508411118 0.8221662897677093 0.9908452983177763
4 0.23062093425441293 0.2528366637749404 0.07962504464226869 0.1241026558396125
4 0.2929982033291364 0.2678970400457776 0.07965231818121907 0.1262348520016594
0 0.24209244805413066 0.4566250352162626 0.16238299756436803 0.1270800424581733
0 0.6984321769508123 0.6117983681592065 0.05772277110331849 0.12005753693799659
2 0.7585959297901861 0.31074716309293854 0.0765000446422686 0.12382938116253123
2 0.8178072885564841 0.32873255892976483 0.07501936525911965 0.13008933231013137
2 0.8639828591733352 0.32636677193057323 0.05163641233702023 0.13230416455611527
2 0.8400662978919747 0.5452044706321295 0.046785271103318135 0.11910107556821198
2 0.5372628518697343 0.615848389666918 0.07025004464226861 0.12328283180836858
2 0.6005986489476351 0.6171178095537206 0.08768300649282175 0.14397560799073789
2 0.7417048900191814 0.6529376464741656 0.07828073295387128 0.14102358779744706
4 0.32169239894763507 0.5927280446242145 0.08444891233702041 0.13517354866546888
4 0.34861913758354934 0.5054303219041649 0.06838753571381498 0.09969203668731201
2 0.7834423766265006 0.6918080912885372 0.07817163879807013 0.13249480314925968