1 0.5017218677280663 0.49461237082222176 0.9965562645438675 0.9514002583555564
3 0.5571097089534712 0.3619628717721523 0.0732141015172088 0.0562876740119445
3 0.4907195633456179 0.3157613254193746 0.07008910151720879 0.056214938829583436
0 0.5360085514471673 0.4891799884134024 0.9279828971056654 0.19642051120534793
4 0.9947372547111059 0.7658424462415965 0.010525490577788333 0.07511040919430574
4 0.9603143928175044 0.7829585174799992 0.07937121436499125 0.07071384992374999
4 0.8292702041216792 0.8002213655038883 0.09336710485118864 0.07391158510611114
4 0.758288024425121 0.8128317746981939 0.08842451333591957 0.0706774823325695
4 0.8163580657615139 0.08588545535965211 0.0981821506088231 0.07558318787965286
4 0.886830062427534 0.06702504616534648 0.09024210485118864 0.07383884992375007
4 0.14634652063209916 0.690096363507118 0.08517196757828502 0.06904224715020853
4 0.2134224503286574 0.6775768732907638 0.09154951333591957 0.07075021751493046
4 0.27777199275231207 0.6604244344611804 0.09623701333591957 0.07085932028847228
4 0.3746158154716498 0.4468321003049997 0.09779951333591956 0.07089568787965277
4 0.3076036586539088 0.46013284052135395 0.08673446757828503 0.06907861474138884
4 0.23636638744208147 0.4696182497156595 0.08504442182065049 0.06747974715020852
4 0.16903536623025417 0.47901273993201376 0.08842451333591957 0.0706774823325695
4 0.09955191365487863 0.49080553153513884 0.08973192182065048 0.06758884992375017
2 0.4674715768507154 0.8556063818401384 0.0919321506088231 0.07543771751493082
2 0.39805189715415706 0.8681804234432636 0.0919321506088231 0.07543771751493082
2 0.33013094457878156 0.8799368474552083 0.0963645590935541 0.0724218202884721
2 0.26149251488222325 0.8924927052627428 0.08842451333591957 0.0706774823325695
2 0.19650524367039596 0.9018326440923264 0.08998701333591956 0.07071384992375015
2 0.9710609609949141 0.5460754601093047 0.05787807801017166 0.06758884992375017
2 0.915941930324778 0.5579046193036103 0.09661965060882309 0.07554682028847229
2 0.8495834777494025 0.5696246757243744 0.0851719675782853 0.06904224715020853
2 0.950094434407664 0.343423238794652 0.08985946757828493 0.06915134992375008
2 0.8789847089534712 0.3544711479889576 0.08829696757828494 0.06911498233256949
2 0.8106013707721822 0.3701520057964924 0.09142196757828529 0.06918771751493065
2 0.7398902580450857 0.37649423119520775 0.08517196757828494 0.06904224715020843
2 0.6697531012273445 0.3898677065939231 0.0916770590935542 0.07231271751493065
2 0.10680733576539318 0.205721363507118 0.08842451333591957 0.0706774823325695
2 0.04728881455356588 0.21493401576756943 0.06524210485118863 0.07325696846486114
4 0.8988812024546892 0.7899910739007632 0.08998701333591938 0.07071384992375015