0 0.5052026679305397 0.49233002789886277 0.854715812838933 0.280592968624853
1 0.5 0.5 1 1
3 0.5153498275714602 0.49069567216064036 0.0770079275949012 0.07761428922950672
3 0.5700964149054777 0.5006112248482255 0.06130111436318479 0.06334944151594844
2 0.2649851714465812 0.15829415238102132 0.08020565046753828 0.09023103829977752
2 0.2096073250373774 0.1743674326302952 0.0724022408266178 0.09176003176583299
2 0.1534300479100143 0.18729568754871156 0.07705337939029935 0.08548830497753832
2 0.09489993042357164 0.1986628822225869 0.07549087939029937 0.08547914304082815
2 0.04186583401436782 0.21472241956679552 0.08174996974937898 0.08709059393727508
4 0.10413961679907162 0.44586116702722506 0.08016019867214012 0.08235702255174594
4 0.16107996320827545 0.429778724841241 0.07548178903121974 0.08390433989122185
4 0.21805667105379775 0.4199954952536821 0.07859769867214013 0.08234786061503588
4 0.5427283763652373 0.09052159536314724 0.08327610831306043 0.08080054327556005
4 0.6051420179539809 0.07519448797348076 0.08016019867214012 0.08235702255174601
4 0.6691272499018042 0.06143302179671042 0.07547269867214013 0.08232953674161551
4 0.7182369155928487 0.0436765701041216 0.07708065046753809 0.0873531402082432
4 0.7799102137974506 0.036415879133400095 0.0816954275949012 0.07283175826680019
4 0.9007207427715255 0.7963204324463261 0.08173178903121965 0.08394098763806249
4 0.9591902102814093 0.7865142980169918 0.0816195794371815 0.08869288289701195
4 0.3839912641433519 0.6080052888835156 0.07860678903121965 0.08392266376464218
4 0.32470716773414804 0.6241014739745648 0.07078519867214013 0.08230205093148499
4 0.27243614060678495 0.6370068240512058 0.07699883723582168 0.07603948607990042
4 0.21706738455666078 0.6546549074500859 0.07858860831306051 0.08077305746542958
4 0.16011340260883752 0.6683751449116605 0.07078519867214013 0.08230205093148499
2 0.7112067073545429 0.31316331537925396 0.08012383723582168 0.07605780995332083
2 0.772830008584207 0.2962659858083363 0.08019656010845858 0.08865623515017122
2 0.8353254634046671 0.2951121067651265 0.08016928903121964 0.08393182570135233
2 0.6578191287029282 0.5386808335578106 0.0770079275949012 0.07761428922950672
2 0.7132060654712118 0.524182356458143 0.07857951795398091 0.07919825431582328
2 0.7662447070599554 0.5089102206887375 0.07388292759490138 0.07759596535608658
2 0.8200964149054777 0.49914531497459896 0.0754636083130606 0.08075473359200926
2 0.8723719872123805 0.4870273664727612 0.08172269867214013 0.08236618448845619
2 0.22819682385902698 0.9585369437038408 0.07390110831306052 0.08074557165529883
2 0.28281160098639 0.9456178507221344 0.08018746974937904 0.08708143200056502