1 0.498578125 0.49918166939443537 0.9857968749999999 0.9775286415711947
0 0.5 0.5021603927986907 0.034093750000000075 0.9567103109656301
3 0.680390625 0.5460556464811783 0.05398437499999993 0.059509001636661236
3 0.732953125 0.5200163666121114 0.059656249999999925 0.060998363338788844
2 0.069609375 0.08481178396072012 0.07101562500000003 0.06546644844517185
2 0.071015625 0.14358428805237317 0.0625 0.0639770867430442
2 0.0703125 0.20458265139116202 0.07243750000000002 0.06397708674304424
2 0.071015625 0.26558101472995094 0.07101562500000003 0.06695581014729955
2 0.0724375 0.3280687397708674 0.07101562500000003 0.06993453355155486
2 0.9318125 0.08332242225859246 0.06818750000000015 0.06546644844517185
2 0.9318125 0.14507364975450082 0.07101562500000007 0.0669558101472995
2 0.35653125 0.7937806873977087 0.07101562499999999 0.06993453355155486
2 0.35724999999999996 0.855531914893617 0.07243750000000002 0.06546644844517185
2 0.35724999999999996 0.9157937806873976 0.07243750000000002 0.07291325695581008
2 0.564625 0.6732569558101473 0.06676562500000002 0.06695581014729945
2 0.56746875 0.733518821603928 0.07528124999999992 0.07142389525368247
2 0.5681875 0.796759410801964 0.06818749999999998 0.06993453355155486
2 0.5681875 0.8532896890343699 0.06534375000000008 0.06397708674304406
2 0.566765625 0.9180196399345335 0.06818749999999998 0.06248772504091663
4 0.930390625 0.8458592471358429 0.0625 0.06993453355155486
4 0.9282656250000001 0.9150409165302783 0.06676562500000002 0.07142389525368265
4 0.571734375 0.3288216039279869 0.06960937499999993 0.07142389525368247
4 0.571015625 0.26558101472995094 0.07101562500000007 0.060998363338788844
4 0.5724375 0.20458265139116202 0.06818749999999998 0.06397708674304424
4 0.5724375 0.145810147299509 0.07101562500000007 0.07142389525368247
4 0.5703125 0.08183306055646482 0.06392187499999995 0.06844517184942715
4 0.35867187500000003 0.082569558101473 0.06392187499999995 0.0669558101472995
4 0.359375 0.14656301145662848 0.06818749999999998 0.0639770867430442
4 0.36007812499999997 0.20607201309328968 0.06960937500000001 0.06695581014729955
4 0.0681875 0.6754991816693945 0.06818750000000003 0.07142389525368247
4 0.06746875 0.7342716857610474 0.07528125 0.06397708674304424
4 0.0681875 0.7937806873977087 0.07101562500000003 0.06993453355155486
4 0.069609375 0.8540425531914895 0.07385937500000002 0.07142389525368265
4 0.06889062500000001 0.9157937806873976 0.06960937500000001 0.07291325695581008