0 0.511987391641617 0.5156661284874373 0.8431577367752332 0.11918232551778303
1 0.5102428811182731 0.5124501232257654 0.9359302097610023 0.856469493891282
3 0.5375789258424839 0.5272784626741869 0.036013094710093264 0.030127115756780752
3 0.5272498286427291 0.34993471267418685 0.04079159997176518 0.03196263154179624
2 0.9290277623777208 0.8716394675829229 0.07918624203690498 0.07624325256024882
2 0.8643660229010646 0.8709877492235412 0.08525423151356151 0.07348227360693613
2 0.7902837807935723 0.8690087492941284 0.07707771046687402 0.06677724729857673
2 0.7238775307935722 0.8651410256730747 0.08212923151356151 0.0733002630835923
2 0.6503035229010644 0.8585200283744978 0.08203822625188942 0.0717377630835923
2 0.8676186814570915 0.1782233965503529 0.08856124203690499 0.07678928413027983
2 0.28182799673387954 0.6813388181899726 0.0789132262518896 0.07155575256024882
2 0.2110072625188951 0.6818855787839034 0.0773507262518895 0.07146474729857691
2 0.14487402830391066 0.6827053551628498 0.0773507262518895 0.07146474729857691
2 0.41251030738428013 0.5589240338479311 0.07716871572854575 0.0683397472985769
2 0.3409083231692957 0.5594252918110261 0.07716871572854575 0.06833974729857709
2 0.27068682843096753 0.5568925550357929 0.07882222099021767 0.06999325256024883
2 0.19972958632347532 0.5550955656297238 0.0816742052052021 0.06548776308359247
2 0.12969010210849086 0.5556878288544906 0.07864021046687393 0.06686825256024882
2 0.7982239393495993 0.17651741240595561 0.08212923151356133 0.07330026308359243
4 0.15557485182614222 0.8530633577936857 0.08212923151356133 0.0733002630835923
4 0.2258418491953063 0.856377344568919 0.08212923151356133 0.07330026308359265
4 0.29753483867196256 0.857438586605824 0.07707771046687402 0.06677724729857673
4 0.36670206762527513 0.8552383207502213 0.08212923151356133 0.07330026308359265
4 0.4361878149944392 0.8585068048946185 0.07864021046687383 0.06686825256024882
4 0.90369674950589 0.5704031912745636 0.08681673151356151 0.07357327886860787
4 0.8288787600292334 0.5691599387143149 0.08681673151356151 0.07357327886860805
4 0.7618732705525771 0.5683717124624253 0.08681673151356133 0.07357327886860805
4 0.692433025814249 0.5658844783180281 0.08543624203690499 0.07660727360693613
4 0.8880277049228535 0.4083204202278763 0.0805667315135615 0.07320925782192056
4 0.817442189137838 0.39953768345264307 0.0773507262518894 0.07146474729857691
4 0.2535316075819242 0.34255703925077735 0.08038472099021768 0.07008425782192056
4 0.18189182601189313 0.3290412998447082 0.08194722099021767 0.07017526308359248
4 0.1134603444277446 0.3305058183311469 0.08038472099021768 0.07008425782192056