3 0.45242187500000003 0.42471875 0.06960937499999993 0.07101562500000007
3 0.515625 0.46945312499999997 0.06818749999999998 0.06107812500000005
1 0.49573437499999995 0.500703125 0.9829531250000002 0.9985781250000001
4 0.0703125 0.6974375 0.07528125000000001 0.06818749999999998
4 0.06889062500000001 0.762078125 0.07528125000000001 0.06392187499999995
4 0.0681875 0.82528125 0.07101562500000003 0.0653437499999999
4 0.061796874999999994 0.8920468749999999 0.0724375 0.06818750000000015
4 0.066046875 0.960234375 0.07528125 0.07101562500000007
4 0.142046875 0.7819531249999999 0.07101562499999999 0.06676562500000002
4 0.140625 0.8451718749999999 0.07101562499999999 0.06818750000000015
4 0.1385 0.90625 0.06960937499999997 0.06818750000000015
4 0.13828125 0.96796875 0.0703125 0.0640625
4 0.21590625000000002 0.8380625 0.07385937499999998 0.07385937499999998
4 0.207390625 0.905546875 0.06818749999999998 0.06676562500000002
4 0.206671875 0.9673281250000001 0.06960937500000001 0.0653437499999999
4 0.28195312499999997 0.8963125 0.07243750000000002 0.06818750000000015
4 0.276984375 0.961640625 0.07101562499999999 0.06818750000000015
4 0.3421875 0.96484375 0.071875 0.0703125
2 0.9318125 0.296875 0.07385937499999998 0.06818749999999998
2 0.935375 0.22726562499999997 0.07243749999999985 0.06818749999999998
2 0.651984375 0.030546874999999994 0.07101562500000007 0.061078125000000004
2 0.723015625 0.09517187499999999 0.07101562500000007 0.06818749999999998
2 0.72265625 0.03125 0.0671875 0.0625
2 0.79190625 0.156953125 0.06960937499999993 0.06676562499999998
2 0.7954531249999999 0.09090625 0.07101562500000007 0.06534375
2 0.789765625 0.032671875 0.06818749999999998 0.06534375
2 0.867890625 0.03621875 0.06818750000000015 0.06676562500000001
2 0.8671875 0.1015625 0.0752812500000001 0.06960937500000001
2 0.85725 0.1661875 0.07243749999999985 0.07101562500000003
2 0.8615 0.22940624999999998 0.07243749999999985 0.07243750000000002
2 0.9296875 0.156953125 0.07243749999999985 0.06960937499999997
2 0.9389218749999999 0.08735937499999999 0.07101562500000007 0.06960937500000001
2 0.938203125 0.02840625 0.06960937499999993 0.053984374999999994