1 0.49921875 0.49921875 0.97890625 0.98671875
0 0.50390625 0.50078125 0.07109375 0.9578125
3 0.22890625 0.45234375 0.07109375 0.0703125
3 0.3078125 0.45 0.06953125 0.06640625
3 0.81484375 0.4703125 0.075 0.06875
2 0.10390625 0.0765625 0.0765625 0.08203125
4 0.22578125 0.08984375 0.07421875 0.0796875
4 0.22421875 0.16171875 0.0796875 0.0796875
4 0.71796875 0.071875 0.06953125 0.0796875
4 0.22890625 0.9015625 0.06796875 0.0671875
4 0.43046875 0.85 0.0765625 0.0703125
4 0.4375 0.91328125 0.065625 0.0671875
4 0.6421875 0.728125 0.0796875 0.0765625
4 0.64375 0.7921875 0.07421875 0.06875
4 0.85859375 0.90625 0.07265625 0.08203125
4 0.6375 0.85234375 0.0765625 0.06875
4 0.64140625 0.9171875 0.06640625 0.071875
2 0.09140625 0.78125 0.078125 0.0734375
2 0.096875 0.84765625 0.07109375 0.0671875
2 0.09609375 0.915625 0.06953125 0.075
2 0.3046875 0.91640625 0.07265625 0.0703125
2 0.42421875 0.0734375 0.08359375 0.0734375
2 0.425 0.13984375 0.07421875 0.0671875
2 0.42109375 0.20390625 0.07265625 0.0671875
2 0.5640625 0.0640625 0.07109375 0.078125
2 0.8875 0.0796875 0.07109375 0.0796875
2 0.85625 0.14375 0.07109375 0.0734375
2 0.8546875 0.20703125 0.07265625 0.06484375
2 0.86640625 0.27265625 0.06796875 0.071875
2 0.71328125 0.8515625 0.07109375 0.0703125
2 0.71640625 0.91796875 0.0640625 0.0671875