1 0.5 0.5 1 1
0 0.46450766564513984 0.47725198100526567 0.34329031272472044 0.9371945420617983
2 0.17793978081995376 0.025426045906985544 0.10037043836009248 0.05085209181397109
2 0.15573329868041683 0.0688274858665058 0.10663956220555537 0.09890889077317437
2 0.3542550878881957 0.5996802589335699 0.1074597684261109 0.10828389077317446
2 0.3290801391605106 0.674100404795127 0.10535046427907382 0.10195200361804453
2 0.3116882961350015 0.7395583084586 0.10079966531583313 0.10326884215265544
2 0.29602504844407573 0.8119246313893786 0.10874886635259244 0.10524077792830404
2 0.27516645282666835 0.8814525593631112 0.10535046427907382 0.10195200361804453
2 0.5236907186608812 0.7696641310506943 0.10535046427907382 0.10195200361804471
2 0.5004200225250942 0.8400961397571216 0.11173716531583314 0.10384205223856355
2 0.47494227742606665 0.9090884791962435 0.10351456220555537 0.09874511646291495
2 0.9006399467479176 0.40773518261188946 0.10535046427907382 0.10195200361804453
2 0.9206489418469452 0.3390294482157216 0.09855366013203692 0.09537445499752568
2 0.9319958364275932 0.27155534317276747 0.08761616013203692 0.09480124491161739
2 0.9467411330817598 0.20079246381955382 0.0707020622055552 0.09702548620519007
2 0.959787228699167 0.13167397162146996 0.057186366352592444 0.10253850180902231
4 0.5147665460885187 0.05389969018666287 0.0937294590952776 0.09356629353213637
4 0.4956755020262503 0.12100198100526578 0.0937294590952776 0.09356629353213633
4 0.47383060485370415 0.19291460255656329 0.0937294590952776 0.09356629353213633
4 0.45212240871791726 0.26326472410786084 0.10195206220555537 0.09866322930778511
4 0.4311954625821303 0.33357390208159343 0.09386616013203693 0.09512879353213632
4 0.7249330665408799 0.08721239993388688 0.10324116013203692 0.09562011646291486
4 0.7013889683315744 0.16076940864031414 0.09896376324231468 0.1000619549975256
4 0.6829424732325469 0.22939325588135215 0.10167866013203693 0.0955382293077851
4 0.824617523090742 0.672238095886301 0.10990126324231468 0.10063516508343398
4 0.7990030769549552 0.7427929353254228 0.10636616013203692 0.09578389077317447
4 0.7798436823743072 0.8106764761440257 0.10025286116879606 0.09701884215265544
4 0.7644538367568999 0.8799177990748042 0.10324116013203674 0.09562011646291495
4 0.7426868520254649 0.9331623077812315 0.0947260311027776 0.05162445499752551
4 0.0002872151740284569 0.750706006897405 0.0005744303480569138 0.09233798620519007