1 0.5 0.5 1 1
4 0.04508274397671534 0.5809313934818214 0.09016548795343068 0.0989154742462448
4 0.11836042031707275 0.5897326954483738 0.11011055103961839 0.10060552000387926
0 0.11800799065272305 0.4406892886306328 0.22249215186945537 0.10822631455356593
0 0.7402838871235937 0.47685212118273235 0.08006785352912935 0.09349465060882309
2 0.7149483099394661 0.708739849970905 0.10530465186945541 0.09866038273097573
2 0.7952511165781619 0.7146074705739093 0.1040973493799445 0.10322033697334128
2 0.8529093286107982 0.7324169817837969 0.06984074855010754 0.1019768303053814
2 0.8955731931375895 0.5689923395099233 0.06108105518880329 0.08883910151720861
2 0.5409835493660113 0.4224668654328565 0.09581125269929239 0.09633260818516849
2 0.6210612130583215 0.4415519631570433 0.11887024440092268 0.11374324879205204
2 0.8082409817296533 0.46121140360444723 0.10781434523075965 0.11128792848861017
4 0.2639726087039994 0.3689901475647074 0.11527164772027057 0.10723815727678296
4 0.2679012468765004 0.4400998730189002 0.09294636182749905 0.07901756242753386
2 0.87295467716555 0.4473882775414314 0.10554145020978148 0.10178538273097573