1 0.5 0.5 1 1
0 0.4646165649621069 0.4642302239100584 0.9292331299242138 0.21869176398622658
3 0.45727136409000096 0.4732759337154252 0.0473042269557407 0.041813355221036685
3 0.380943309942964 0.48286080937325954 0.04560502591898139 0.040210635851132014
4 0.8709085308199537 0.009322454842304689 0.08630793836009261 0.018644909684609377
4 0.8016800771912964 0.01625149996948765 0.08726484561740726 0.0325029999389753
4 0.7326566751177779 0.02084779184357126 0.08468664976444433 0.04169558368714252
4 0.6617973709707409 0.02706463453799895 0.0867959539114814 0.0541292690759979
4 0.5755475126766667 0.03642503368810868 0.09970605702175916 0.07285006737621735
4 0.15720159651236182 0.36572397959751096 0.08992095391148132 0.08341273303680038
4 0.08722128718152854 0.3826448569881709 0.08523345391148134 0.08319875563152741
4 0.029777454217546646 0.39351148590800045 0.05955490843509329 0.08173868786513805
4 0.8209375740802332 0.8097481168967722 0.0867959539114814 0.08327008143328524
4 0.8899220199331961 0.8126996929911446 0.07443265494824089 0.08423086858737097
4 0.30485041017851966 0.5595416988225318 0.0920302580585183 0.0896096331111461
4 0.23307315499472336 0.5704439906432403 0.0819717528747221 0.08152471045986508
4 0.16448925032930672 0.5804379340763598 0.08808505183796278 0.0802786200987487
4 0.09549524255361229 0.5950260582139204 0.0840810570217591 0.08772161053421096
4 0.03447593319953759 0.6020998661142613 0.06895186639907518 0.08188133946865354
2 0.8829916999054636 0.2540473420294184 0.09488185598499968 0.0866894975783674
2 0.8090073957584266 0.2635252289846163 0.08509675287472192 0.08166736206338039
2 0.7387242900562506 0.2751218917876405 0.10324116013203692 0.09317170085974376
2 0.2838193424598613 0.0716900810043566 0.09501855702175907 0.08822089114651446
2 0.2094932857209261 0.08499645187992198 0.09400286116879605 0.09427513961734485
2 0.14454222898199093 0.09787486794494142 0.08904195909527761 0.09099837507577783
2 0.0756555279452317 0.10254459679042525 0.09529195909527761 0.09128367828280844
2 0.02555707459939822 0.11659777741480344 0.05111414919879644 0.08839709448126601
2 0.12421981602171481 0.9269608352881308 0.10126855702175908 0.08850619435354505
2 0.045713219933588845 0.9421552287406315 0.09142643986717769 0.09755190415891182
2 0.607721131950464 0.5136878799539748 0.10419806738935158 0.10389145583677285
2 0.6812659386893991 0.5004171719792883 0.09216695909527761 0.09114102667929312
2 0.7510999850607417 0.5025673883887083 0.08876855702175916 0.08793558793948376
2 0.823453438689399 0.4939265240193417 0.09372945909527744 0.09121235248105078
2 0.8899082068326862 0.464202778704705 0.09189355702175916 0.08807823954299909