1 0.48984375 0.5015625 0.95703125 0.9421875
0 0.48671875 0.5 0.06640625 0.91328125
3 0.49609375 0.49765625 0.03515625 0.0375
3 0.49296875 0.57265625 0.034375 0.0375
4 0.0578125 0.078125 0.07265625 0.07265625
4 0.0578125 0.14609375 0.075 0.07265625
4 0.05703125 0.21328125 0.07421875 0.06953125
4 0.05703125 0.28359375 0.07421875 0.07109375
4 0.059375 0.3671875 0.0765625 0.08046875
4 0.33515625 0.7859375 0.07421875 0.0734375
4 0.340625 0.8546875 0.07421875 0.06953125
4 0.33984375 0.9234375 0.07265625 0.07109375
4 0.903125 0.15625 0.07421875 0.07109375
4 0.91953125 0.08125 0.075 0.0734375
4 0.559375 0.64921875 0.0796875 0.0734375
4 0.55859375 0.71875 0.07265625 0.065625
4 0.55703125 0.78671875 0.07109375 0.07265625
4 0.56015625 0.85390625 0.078125 0.065625
4 0.55546875 0.9234375 0.07109375 0.0734375
2 0.34296875 0.0765625 0.075 0.078125
2 0.33984375 0.14921875 0.07265625 0.06953125
2 0.33984375 0.2171875 0.08125 0.08359375
2 0.05390625 0.65234375 0.0765625 0.0765625
2 0.05546875 0.725 0.08203125 0.075
2 0.0578125 0.78828125 0.08125 0.07109375
2 0.05078125 0.85546875 0.0796875 0.0765625
2 0.0546875 0.92578125 0.078125 0.075
2 0.90625 0.8375 0.0765625 0.08203125
2 0.9078125 0.91796875 0.08515625 0.0796875
2 0.56328125 0.353125 0.0921875 0.08203125
2 0.56171875 0.28203125 0.08125 0.0734375
2 0.57578125 0.2140625 0.078125 0.07109375
2 0.5796875 0.14375 0.0796875 0.075
2 0.56015625 0.07734375 0.078125 0.0734375