1 0.5056649878218401 0.503516580677433 0.8113299756436803 0.992966838645134
0 0.4985928275134146 0.5317312057911505 0.6923159594149212 0.1655539026825145
3 0.5254082922033414 0.8210605054672161 0.031795470779006865 0.0399337119799993
3 0.5428355255642499 0.7308697892589893 0.03335797077900686 0.04004360512616916
2 0.2982870900953163 0.38852949320872054 0.07318412986961631 0.09562112245965895
2 0.23418367978689075 0.3811936855365143 0.06997730925276535 0.08974095880882878
2 0.17036664163744386 0.393669198619025 0.07005912986961631 0.09540133616731934
2 0.19063605153883226 0.608085570396704 0.06857845048646735 0.10095182037964004
2 0.25223207061355574 0.6039357836326743 0.06849662986961631 0.09529144302114947
2 0.31466388676617985 0.60361452834739 0.07318412986961631 0.09562112245965886
2 0.3770275190714282 0.5985762919300304 0.07156708279171564 0.09173764440782882
2 0.4378831984545771 0.5972017472721612 0.07477390340856652 0.0976178080586589
2 0.7994924488583189 0.9762919352211199 0.07765344155801372 0.047416129557760145
2 0.8642543782414679 0.9762412007246476 0.07606366801906325 0.047517598550704844
2 0.5192545604705814 0.07139018490572546 0.07288412094116267 0.07486640547852685
2 0.5856199001621558 0.07323045493869583 0.07123980032431163 0.0690961349738665
2 0.6480380795453048 0.07196580342699646 0.07107615909060953 0.057775380256885375
2 0.7143897824674041 0.07286267723355173 0.0756545649348082 0.05055788988407397
2 0.779932961850553 0.07181781201419193 0.0723659237011061 0.03901734887475327
4 0.14560855478853843 0.08469341790749711 0.07466480925276531 0.09007063824733814
4 0.21035684740221222 0.0826502098886373 0.06995003571381489 0.08785416635599862
4 0.27198014001588605 0.08038721557743796 0.06995003571381497 0.08785416635599864
4 0.3328085458600847 0.07712587846673863 0.0699227621748646 0.08596737390316843
4 0.39440456493480813 0.07297609170270908 0.0730204886359143 0.0843003677426778
4 0.6780603648520827 0.3671752667538921 0.07312958279171564 0.09184753755399848
4 0.7428222942352316 0.36607545496144744 0.07315685633066593 0.09373433000682876
4 0.8085291148520826 0.3763513444590688 0.0747466298696164 0.09573101560582871
4 0.5697371704513999 0.5942235671801114 0.07159435633066594 0.09362443686065901
4 0.6313468262955986 0.5910171766424969 0.07312958279171564 0.09184753755399848
4 0.696930915987173 0.5928025001023823 0.07798072402541774 0.10349797170948898
4 0.7608434115229462 0.5869307606047773 0.07469208279171564 0.09195743070016833
4 0.29138962255942513 0.9802697786087899 0.06800570616851012 0.03946044278242005
4 0.2265731460983754 0.97979386841897 0.07263865909060954 0.04041226316206009