0 0.519149389846108 0.4617686267742346 0.8453395012493997 0.2343522992094238
1 0.5011247921165487 0.47109375 0.9977504157669026 0.9421875
3 0.5454042365267601 0.46651703995664906 0.03986798340326061 0.03343412628012441
3 0.5079247794685015 0.29292762151256274 0.044792281743586494 0.03683214206513998
2 0.9676733826852807 0.7103693956136091 0.06465323462943857 0.08451077886860787
2 0.9166568875710229 0.7266006113421548 0.09654495850815117 0.08340330517696729
2 0.8449478309323272 0.7433323560098959 0.08657796265733637 0.07504477360693614
2 0.7800332259533052 0.7565295770001136 0.09341995850815117 0.08322129465362345
2 0.7071877218041204 0.7686193242986905 0.09173905933798814 0.08156778939195171
2 0.8108442568484773 0.03884597272915864 0.09834425684847722 0.07769194545831729
2 0.3218520278181162 0.685128344992442 0.08861405933798813 0.08138577886860787
2 0.25344556993466494 0.7040218291368392 0.08693316016782511 0.07973227360693613
2 0.18888616246613218 0.7219065501270568 0.08693316016782515 0.07973227360693613
2 0.42941330623771046 0.5305556951053815 0.08669636182749904 0.07660727360693613
2 0.3593851487691777 0.5487589345114505 0.08669636182749914 0.07660727360693613
2 0.2915231425454004 0.5644819160250119 0.0884956601678251 0.07982327886860788
2 0.22209863632162302 0.5802959028002451 0.09126546265733601 0.0753177893919517
2 0.15447342843817177 0.5991438843138065 0.08825886182749913 0.07669827886860806
2 0.7430414502097815 0.05088652175255909 0.09341995850815117 0.08322129465362356
4 0.22667327284373878 0.8892004659403074 0.09341995850815117 0.0832212946536238
4 0.2953757286525976 0.87421323179591 0.09341995850815117 0.08322129465362345
4 0.36468183570621193 0.8568367450206769 0.08657796265733601 0.07504477360693614
4 0.4315257935896632 0.8380342661379514 0.09341995850815117 0.08322129465362345
4 0.499446999398522 0.82309253462439 0.08825886182749905 0.07669827886860787
4 0.9081168014638257 0.4171423113562723 0.09810745850815117 0.08349431043863902
4 0.83562649482513 0.43391955865484916 0.09810745850815117 0.08349431043863902
4 0.7701674381864342 0.4502872822759027 0.09810745850815117 0.08349431043863902
4 0.7023054319626567 0.46601026378946414 0.09521925684847724 0.08643729991529536
4 0.8671338361071973 0.2594509086972015 0.09185745850815116 0.0831302893919517
4 0.7971765336176864 0.2682336454724347 0.08693316016782511 0.07973227360693613
4 0.24110505498831064 0.3547652817817926 0.09005816016782511 0.07991428413027987
4 0.16928925457339214 0.3597327738186976 0.09162066016782515 0.0800052893919517
4 0.10322654668994087 0.37848975007058716 0.09005816016782515 0.07991428413027987