3 0.5593006290101042 0.6392331027373329 0.04215300790866543 0.04100859452874071
3 0.6542457144853678 0.6477195141864809 0.03740184091247105 0.0392255515702963
1 0.5 0.5 1 1
4 0.2985646947508854 0.9785217197577034 0.09177100593149908 0.032249941641036915
4 0.29612026631162236 0.07522648176388863 0.09281885277546911 0.10054448287711121
4 0.22803876977166349 0.0944333340432961 0.0959438527754691 0.10062206707162971
4 0.15904868923931584 0.11032624903799987 0.09132001977166349 0.10217235744651859
4 0.09311994171077376 0.12447491317151843 0.09757001977166349 0.10232752583555565
4 0.03438161167271767 0.142615679534037 0.061505185779274704 0.09810197426525931
4 0.6944648547898165 0.513261210032629 0.09919618676785795 0.10403298459948171
4 0.7625463513297754 0.49405435775322154 0.09444501977166339 0.10224994164103729
4 0.8299420983640259 0.4773669015224437 0.09457235376405215 0.10558327497437044
4 0.8965884288963736 0.4615321746736288 0.09275518577927463 0.09887781621044459
4 0.9612425420147849 0.45073623992207323 0.07751491597043021 0.10019535400177783
4 0.7798280573378241 0.2709142881484437 0.09450868676785795 0.10391660830770377
4 0.8495993878701718 0.25500197710511036 0.08663251977166339 0.1020559811547408
4 0.9090871344101306 0.23600848136062885 0.0771938527754692 0.10015656190451855
2 0.9699112058166743 0.8413756127691102 0.060177588366651234 0.09713356534925936
2 0.2314462485543063 0.4088133572448887 0.09444501977166349 0.1022499416410371
2 0.1632055845238614 0.4238535428576295 0.08956651878308035 0.09713356534925936
2 0.09743600448580533 0.44216887365781476 0.09269151878308031 0.09721114954377792
2 0.14611487950439586 0.6519936124624074 0.09581651878308031 0.09728873373829629
2 0.21500945954245196 0.6336006974677035 0.08956651878308027 0.09713356534925936
2 0.27853079007479964 0.6178435548134071 0.08806768577927473 0.09876143991866684
2 0.34589470361095287 0.6003227652492961 0.08963018577927473 0.09880023201592603
2 0.4125092006452034 0.5836547050671478 0.09919618676785795 0.10403298459948171
2 0.573180173421985 0.027630198278481247 0.09323534684397003 0.05526039655696249
2 0.6431743384410131 0.018424042756814547 0.09259867688202625 0.03684808551362909
2 0.7116378369581383 0.010070616617110813 0.09202567391627667 0.020141233234221626
0 0.5267852648659287 0.48405923505740694 0.9050535504177419 0.2772278717295563