1 0.49787499999999996 0.4939770867430442 0.8650625000000002 0.8808183306055646
3 0.301140625 0.4471031096563012 0.06534374999999999 0.06397708674304424
3 0.24929687500000003 0.5110801963993453 0.06960937500000001 0.0758756137479542
3 0.691765625 0.5274468085106383 0.08239062500000002 0.08183306055646482
3 0.751421875 0.47834697217675937 0.06534375000000008 0.0758756137479542
4 0.11364062500000001 0.10191489361702127 0.06534374999999999 0.0669558101472995
4 0.11860937499999999 0.16292962356792143 0.06960937500000001 0.0669558101472995
4 0.12003124999999999 0.2276432078559738 0.06960937500000001 0.06546644844517185
4 0.1193125 0.29386252045826516 0.06818750000000003 0.060998363338788844
4 0.1193125 0.3585761047463175 0.07101562500000003 0.0743862520458265
4 0.88565625 0.11009819967266775 0.06676562500000002 0.06546644844517185
4 0.8849375 0.18374795417348608 0.07101562500000007 0.0669558101472995
4 0.38493750000000004 0.764026186579378 0.06818749999999998 0.07291325695581008
4 0.38635937500000006 0.8324713584288053 0.07385937499999998 0.06695581014729965
4 0.386359375 0.8919803600654664 0.07670312499999996 0.07291325695581008
4 0.540484375 0.6308510638297872 0.06676562500000002 0.06844517184942725
4 0.5390625 0.6896235679214403 0.06960937499999993 0.06695581014729945
4 0.537640625 0.7550900163666121 0.06960937499999993 0.06397708674304424
4 0.5411875 0.8213093289689033 0.07101562500000007 0.07438625204582659
4 0.54403125 0.8897545008183306 0.06818749999999998 0.07142389525368265
2 0.38351562499999997 0.10042553191489362 0.07101562500000007 0.06993453355155481
2 0.38778125 0.17111292962356792 0.07385937499999998 0.06844517184942715
2 0.387078125 0.2358265139116203 0.06960937500000001 0.0758756137479542
2 0.100859375 0.6063011456628478 0.07101562500000003 0.06695581014729945
2 0.10510937499999999 0.6799509001636661 0.06818750000000003 0.06546644844517185
2 0.10510937499999999 0.749885433715221 0.07101562500000003 0.06844517184942725
2 0.108671875 0.8198199672667759 0.07243749999999997 0.06546644844517185
2 0.11079687499999999 0.8823076923076923 0.07101562499999999 0.06844517184942707
2 0.546875 0.09522094926350246 0.06818749999999998 0.06844517184942718
2 0.54475 0.15770867430441898 0.06676562500000002 0.06248772504091654
2 0.54190625 0.21574468085106382 0.06676562500000002 0.06546644844517185
2 0.545453125 0.28418985270049096 0.06818749999999998 0.07142389525368247
2 0.548296875 0.34592471358428806 0.07101562500000007 0.07291325695581016
2 0.891328125 0.820556464811784 0.06960937499999993 0.06695581014729965
2 0.887078125 0.8897545008183306 0.06676562500000002 0.07438625204582659