0 0.4984375 0.49140625 0.071875 0.865625
4 0.0828125 0.12734375 0.07421875 0.0796875
4 0.08828125 0.19765625 0.0734375 0.07265625
4 0.084375 0.26171875 0.0765625 0.075
4 0.0859375 0.32578125 0.078125 0.0796875
4 0.08671875 0.3953125 0.0796875 0.090625
1 0.5015625 0.49296875 0.93046875 0.8859375
4 0.89921875 0.13125 0.071875 0.078125
4 0.90859375 0.20234375 0.0765625 0.078125
3 0.61484375 0.51953125 0.046875 0.06953125
3 0.69296875 0.603125 0.0515625 0.0671875
4 0.37109375 0.78515625 0.06875 0.08203125
4 0.3765625 0.84765625 0.0671875 0.0625
4 0.371875 0.90078125 0.06875 0.03515625
4 0.5640625 0.65078125 0.0671875 0.08046875
4 0.5671875 0.72265625 0.071875 0.07421875
4 0.56640625 0.78671875 0.06875 0.06796875
4 0.56796875 0.85234375 0.06875 0.06796875
4 0.5640625 0.9015625 0.06640625 0.0390625
2 0.34765625 0.13046875 0.07578125 0.0796875
2 0.353125 0.1953125 0.0734375 0.0640625
2 0.35 0.2671875 0.078125 0.08046875
2 0.09765625 0.64140625 0.0734375 0.07265625
2 0.10078125 0.71171875 0.084375 0.075
2 0.1 0.77734375 0.071875 0.07265625
2 0.09296875 0.840625 0.08046875 0.08515625
2 0.1 0.9 0.08515625 0.04765625
2 0.896875 0.846875 0.078125 0.075
2 0.89921875 0.90078125 0.07421875 0.040625
2 0.56484375 0.3984375 0.0671875 0.078125
2 0.565625 0.328125 0.0734375 0.08203125
2 0.56640625 0.25859375 0.07421875 0.065625
2 0.565625 0.19140625 0.07109375 0.07421875
2 0.56953125 0.12109375 0.0671875 0.06953125