3 0.699578125 0.42141045958795564 0.08664062500000007 0.08787638668779722
3 0.654125 0.49632329635499206 0.05823437499999997 0.0677179080824089
3 0.743609375 0.5575594294770206 0.09801562500000002 0.09508716323296355
3 0.734375 0.6706497622820919 0.09375 0.09076069730586368
3 0.633515625 0.6144690966719493 0.09659375000000008 0.08787638668779722
1 0.48650000000000004 0.49488114104595876 0.9701718750000001 0.9667194928684627
0 0.48792187499999995 0.4905705229793978 0.07243750000000002 0.9292551505546751
4 0.15128124999999998 0.10085578446909667 0.08664062499999999 0.092202852614897
4 0.0724375 0.9472741679873218 0.07670312500000001 0.05042789223454824
4 0.212359375 0.9494294770206023 0.078125 0.046101426307448366
4 0.36434375 0.948716323296355 0.08096875000000008 0.05331220285261506
4 0.730828125 0.8341679873217116 0.08948437499999998 0.07779714738510288
4 0.730109375 0.8954041204437401 0.08806250000000002 0.073470681458003
4 0.719453125 0.9544690966719492 0.08096875000000008 0.04754358161648178
4 0.8657656250000001 0.9451030110935024 0.0809687499999999 0.05187004754358165
4 0.30256249999999996 0.09797147385103011 0.08523437500000001 0.08931854199683043
4 0.29900000000000004 0.17144215530903328 0.09801562500000002 0.08645007923930272
4 0.30398437500000003 0.24779714738510303 0.09375 0.08931854199683045
4 0.296875 0.3191125198098257 0.09659374999999999 0.09076069730586368
4 0.66975 0.10229793977812995 0.09232812500000005 0.08931854199683041
4 0.671171875 0.1772107765451664 0.08948437499999998 0.09508716323296355
4 0.42684375 0.10301109350237718 0.044031249999999925 0.08787638668779713
2 0.22868750000000002 0.10445324881141045 0.08239062500000002 0.09941362916006337
2 0.36931250000000004 0.09652931854199683 0.08239062500000002 0.07779714738510302
2 0.37429687500000003 0.17361331220285262 0.09232812500000005 0.08500792393026944
2 0.592328125 0.09364500792393027 0.08239062500000002 0.08356576862123612
2 0.594453125 0.17432646592709986 0.08948437499999998 0.08645007923930272
2 0.753546875 0.10445324881141045 0.08664062500000007 0.08787638668779713
2 0.142046875 0.948716323296355 0.07101562499999999 0.056180665610142705
2 0.29474999999999996 0.8334548335974643 0.08381249999999998 0.07635499207606983
2 0.28835937500000003 0.9544690966719492 0.06534374999999999 0.04754358161648178
2 0.421875 0.8925198098256735 0.04829687499999995 0.073470681458003
2 0.42614062500000005 0.948716323296355 0.04260937499999997 0.04465927099841532
2 0.652703125 0.8990015847860539 0.06960937499999993 0.07491283676703642
2 0.64275 0.9551980982567354 0.06392187499999995 0.043217115689381906
2 0.793328125 0.948716323296355 0.06392187500000013 0.05042789223454824