1 0.5120189165970392 0.49214917492221744 0.9581151889143757 0.8302902556754523
2 0.2404316371929446 0.6618339780859028 0.08052580290255769 0.07011367694751698
0 0.5064410391923776 0.48911963230854355 0.867936522865491 0.126019767039538
2 0.17984880125809516 0.673053896104966 0.06624504809323421 0.06361821509696383
2 0.119747114960426 0.6756664273545541 0.06953373920022679 0.0683602621748646
2 0.1208210308396751 0.7288050641240293 0.07249504809323422 0.06372730925276535
2 0.1265824467189242 0.7818618802766534 0.07890873920022679 0.06852390340856669
4 0.13407005370516586 0.8395789228903272 0.07556548439090335 0.06221935633066593
4 0.7189237141421193 0.7535428222449994 0.07583830290255769 0.07003185633066593
4 0.7899629004397886 0.7507393762227589 0.08052580290255769 0.07011367694751698
4 0.8725050711283611 0.8087097889668164 0.07572917549789579 0.06690685633066593
4 0.8682243096956157 0.753281949275242 0.07567461179556503 0.06534435633066593
4 0.9344941504397883 0.7482165738698525 0.07734623920022657 0.0684966298696164
4 0.9403646937236992 0.8043983900224767 0.07734623920022657 0.0684966298696164