0 0.49286224107484156 0.5188746057783997 0.057203762982348215 0.6830963428896373
1 0.48973724107484157 0.5187472717860109 0.7280617337613549 0.7416594842570312
3 0.49028666599376364 0.5320603552841081 0.039771612012708776 0.04221667490485981
3 0.6762241659937637 0.5396367278312406 0.03653751785690744 0.035839340912471054
3 0.6574644833642038 0.5842170573750052 0.0365920649348082 0.03896434091247088
3 0.27153666599376364 0.5231469758168933 0.033385244317957155 0.0341495069200823
3 0.2965542569031541 0.5679474812541008 0.030178423701106107 0.029334672927693362
4 0.8094726371765123 0.20654433802108357 0.06671594155801372 0.06517401384016441
4 0.8085044265437752 0.26201308802108353 0.06978639448011278 0.06217634783255317
4 0.8083311026805134 0.31673242151918074 0.05876707386326174 0.05704317885919252
4 0.8065952788172513 0.3713880880210836 0.0666068474022122 0.058924013840164505
4 0.8048458181845144 0.42682500452298633 0.0652079886359143 0.06823534684397004
4 0.5899752000860208 0.7331373770329379 0.06041139448011297 0.0617943458553869
4 0.5874308526838086 0.7893237100367435 0.06030230032431163 0.0555443458553869
4 0.5833376420510715 0.8446651260443547 0.06507162094116267 0.060422846843970035
4 0.4403354845820198 0.6168054284020819 0.06200116801906326 0.06342051285158128
4 0.44014852394928267 0.6723060119001791 0.06030230032431163 0.05554434585538672
4 0.4368365633165457 0.7276792614058876 0.06663412094116268 0.06048651384016459
4 0.43669051299223405 0.7808360949039848 0.06035684740221221 0.058669345855386724
4 0.43646264205107155 0.8386804284020819 0.05876707386326174 0.05704317885919252
4 0.17119138717651228 0.18053637007567466 0.05410684740221221 0.0584146778706093
4 0.17019590300482484 0.23756762007567467 0.058903441558013594 0.06485567885919252
2 0.8036303713514951 0.6308267550172779 0.05728639448011279 0.061667011862997965
2 0.8010723871798076 0.6877943380210836 0.06364548863591431 0.06817167984777565
2 0.8017212236249712 0.7402017550172779 0.0666068474022122 0.05892401384016459
2 0.7983410791448582 0.7994812545229865 0.061946620941162676 0.06029551285158128
2 0.799003552359497 0.8511074215191808 0.06197389448011279 0.06185801285158128
2 0.5954101371765124 0.19782195954245196 0.05416139448011279 0.0615396778706093
2 0.5967856765437751 0.25338621003674355 0.06027502678536116 0.0539818458553869
2 0.5958174659110381 0.3088549600367435 0.05723184740221221 0.05854201186299814
2 0.44467593141503914 0.41293101190017917 0.05720457386326174 0.05697951186299797
2 0.44565777881725144 0.35668101190017915 0.05564207386326192 0.05691584486680368
2 0.44426860268051327 0.3018980114058875 0.05569662094116268 0.060040844866803764
2 0.44527772362167595 0.24408551140588752 0.05558752678536116 0.053790844866803765
2 0.44545104748493786 0.18936617790779037 0.05569662094116268 0.06004084486680372
2 0.1609092629922341 0.7695988700756746 0.05879434740221225 0.058605678859192524
2 0.1599001420510715 0.8274113700756747 0.06189207386326192 0.05717051285158128