1 0.5 0.5 1 1
0 0.5314486909172201 0.5500342642886416 0.9371026181655597 0.23007343788038007
3 0.5375092517647108 0.5410779870111664 0.04491901609154354 0.04141797497766777
3 0.4614002198337257 0.5308557661201093 0.044809755447881724 0.039886581409520755
4 0.9503027267942166 0.9990560507431335 0.08583894703379294 0.001887898513732956
4 0.8812249448632314 0.9919089445932172 0.08649451089576346 0.016182110813565593
4 0.8138735538977387 0.9871749708612249 0.08369729282674854 0.025650058277550326
4 0.7415068810012609 0.9806485089132527 0.08536905347041035 0.03870298217349452
4 0.6555858064956288 0.9711577147352652 0.09652507475773361 0.05768457052946955
4 0.23798413518863484 0.6452653451909425 0.08849405347041017 0.08578269502592614
4 0.16752416971751008 0.6270846279378904 0.0836972928267485 0.08390317526066883
4 0.09755587714286314 0.6157951817415002 0.08525979282674849 0.08401921732637226
4 0.9000596201823722 0.20927125503984526 0.08536905347040999 0.08555061089451928
4 0.966613699631683 0.2055368707190241 0.06677260073663405 0.08661783619985257
4 0.3851165892597932 0.45283465764362035 0.08893109604505715 0.09190826929851419
4 0.31358579668514625 0.44142916938152654 0.08046303218308673 0.08213969756111496
4 0.2451800041104993 0.43025576525083964 0.08515053218308673 0.08248782375822525
4 0.176501059926698 0.4152538771997851 0.08090007475773371 0.08826527183370302
4 0.10446216896120544 0.4076188518252072 0.08671303218308676 0.08260386582392867
2 0.9582020330654423 0.7653763576946156 0.08359593386911542 0.08766221479118344
2 0.8885029412569351 0.755270178869262 0.08358803218308672 0.08237178169252182
2 0.8192066380386265 0.7425073601375763 0.0999778566887187 0.09425195732658521
2 0.363993886197041 0.9410001754375621 0.09183757475773371 0.08907756629362702
2 0.28990082233507064 0.9263578369406191 0.09071211733238069 0.09508709850051164
2 0.22518275847310018 0.9124117508378966 0.08591535668871889 0.09320757873525434
2 0.15643275847310018 0.9073058999469461 0.09205609604505716 0.09214035342992105
2 0.09467580364563717 0.8912948076234101 0.06850933540139544 0.08886832887622294
2 0.20491672896477806 0.08376609497665378 0.0980875747577337 0.08954173455644072
2 0.12295653478097682 0.06777784936712018 0.0956181386197041 0.09849801183391595
2 0.6878645308457044 0.5027378395181756 0.10074268119435104 0.10497171230361431
2 0.761121714385844 0.5165564601981933 0.08904035668871906 0.09343966286666121
2 0.830997171811197 0.5156527788822594 0.08569683540139543 0.09014479159896031
2 0.9030906930985205 0.5240535010409109 0.09049359604505725 0.09202431136421763
2 0.9626904781700361 0.5549029374261021 0.0746190436599278 0.09037687573036718