0 0.51328125 0.515625 0.040625 0.83828125
1 0.51640625 0.5171875 0.775 0.86171875
3 0.50234375 0.49140625 0.0265625 0.0328125
3 0.67890625 0.48515625 0.02890625 0.0375
2 0.16640625 0.13046875 0.06875 0.07109375
2 0.165625 0.1953125 0.06640625 0.0796875
2 0.165625 0.26953125 0.06015625 0.07109375
2 0.16796875 0.3359375 0.06484375 0.0765625
2 0.1734375 0.409375 0.0640625 0.0765625
2 0.859375 0.12734375 0.06953125 0.08046875
2 0.3421875 0.7625 0.0640625 0.0734375
2 0.33984375 0.83359375 0.0640625 0.07109375
2 0.3375 0.90078125 0.0640625 0.071875
2 0.4671875 0.6203125 0.0609375 0.071875
2 0.465625 0.6921875 0.0609375 0.07109375
2 0.46640625 0.7625 0.0625 0.0734375
2 0.46640625 0.83359375 0.0578125 0.0765625
2 0.4640625 0.90390625 0.06015625 0.0734375
2 0.859375 0.196875 0.06484375 0.0765625
4 0.1671875 0.90546875 0.06484375 0.0765625
4 0.165625 0.83515625 0.06484375 0.0765625
4 0.16640625 0.76328125 0.05859375 0.071875
4 0.16953125 0.69375 0.06484375 0.0765625
4 0.16796875 0.62421875 0.06015625 0.0734375
4 0.4671875 0.12734375 0.06640625 0.08046875
4 0.4671875 0.20234375 0.06640625 0.08046875
4 0.46640625 0.26953125 0.06484375 0.08203125
4 0.4671875 0.3390625 0.06875 0.078125
4 0.62890625 0.128125 0.06640625 0.075
4 0.63671875 0.1984375 0.0640625 0.07109375
4 0.68046875 0.759375 0.0625 0.075
4 0.6921875 0.83046875 0.0625 0.0765625
4 0.6890625 0.89921875 0.0625 0.075