3 0.3425959291428468 0.46325815700442874 0.03684668977951393 0.0413654796419344
3 0.2990439912631939 0.5580990900701358 0.03361258700597229 0.03647772054263569
1 0.5 0.5 1 1
4 0.12503571438079858 0.029377816934292988 0.08742857123840282 0.058755633868585976
4 0.11814862832475685 0.08525877467700227 0.08804682028847229 0.09613212523071266
4 0.9284074489944789 0.3640909554355827 0.0896093202884721 0.09623225478036197
4 0.9379655933711455 0.28859030768733607 0.08968205547083344 0.09935725478036198
4 0.9490862377478123 0.21298953038944016 0.09106271751493082 0.09164488433001132
4 0.9570273307377082 0.13993276219084286 0.07874455547083344 0.09865634793281672
4 0.9635513940923264 0.06072612354189488 0.06918771751493083 0.09024307063492079
4 0.39933297236149246 0.6398218545681053 0.09280705547083343 0.09955751387966068
4 0.3905560779848258 0.7152724375415271 0.09109908510611123 0.09320738433001133
4 0.3794718011993396 0.789310714839423 0.09585932028847229 0.09663277297895938
4 0.368423892005034 0.8617864921373191 0.08797408510611122 0.09300712523071261
4 0.3527248504019089 0.933000158084163 0.08917290919430557 0.07748225478036197
4 0.5765825373316312 0.800081826808784 0.09266158510611114 0.09330751387966033
4 0.5638993929549645 0.8757827336563292 0.09095361474138883 0.08695738433001132
4 0.5570668582856937 0.9347269370801019 0.08880923328249998 0.06185725478036197
2 0.025101264248957998 0.837640899907715 0.050202528497915996 0.0903432001845701
2 0.017942074469444076 0.9083539181063122 0.03588414893888815 0.07391716378737563
2 0.6647300747537845 0.19688817320044122 0.09117182028847229 0.09633238433001132
2 0.6781581015392707 0.12269970157807134 0.08793771751493065 0.09144462523071266
2 0.6868622607335764 0.050374118604649375 0.08637521751493064 0.09134449568106336
2 0.4874986935792361 0.04232209940014708 0.08652068787965277 0.08464419880029415
2 0.477922365406979 0.11212884870800907 0.08633884992375015 0.08978199568106335
2 0.4677102575994443 0.18221081123108035 0.08790134992375016 0.08988212523071266
2 0.45662598081395805 0.25624908852897627 0.08950021751493065 0.09154475478036198
2 0.44632295402847194 0.3302373010520475 0.09280705547083343 0.09955751387966068
2 0.8854510038966315 0.6679564350775171 0.09117182028847211 0.09633238433001132
2 0.8743121757243741 0.7443384623754129 0.09117182028847211 0.09633238433001132
2 0.8647358475521173 0.8206203601236595 0.09266158510611114 0.09330751387966067
2 0.8543964531754504 0.8961710726467309 0.0927343202884721 0.09643251387966031
2 0.844130447191527 0.9350530999446267 0.08481141109416654 0.02415699568106362
0 0.48892541527513844 0.4827765198966403 0.19278767134958413 0.9655530397932806