1 0.50390625 0.5015625 0.95625 0.9734375
0 0.50390625 0.5 0.05234375 0.94765625
2 0.07421875 0.059375 0.06953125 0.075
2 0.07421875 0.12734375 0.06796875 0.06875
2 0.07421875 0.19609375 0.07109375 0.071875
2 0.075 0.26484375 0.07421875 0.06640625
2 0.0734375 0.33203125 0.07265625 0.0734375
2 0.93203125 0.05859375 0.07109375 0.0703125
2 0.93046875 0.1265625 0.06796875 0.0671875
2 0.37109375 0.803125 0.06953125 0.0671875
2 0.37109375 0.8703125 0.07265625 0.071875
2 0.371875 0.93984375 0.07421875 0.0734375
2 0.57109375 0.6671875 0.07109375 0.075
2 0.5703125 0.73515625 0.06953125 0.06875
2 0.5703125 0.80390625 0.06953125 0.06875
2 0.56875 0.871875 0.075 0.075
2 0.56953125 0.9421875 0.07421875 0.075
4 0.075 0.6671875 0.07109375 0.071875
4 0.07421875 0.7375 0.07265625 0.0671875
4 0.371875 0.1984375 0.07421875 0.0703125
4 0.37421875 0.1296875 0.07265625 0.06875
4 0.3734375 0.05703125 0.07421875 0.0765625
4 0.07421875 0.803125 0.07421875 0.0671875
4 0.07421875 0.87109375 0.07265625 0.0734375
4 0.075 0.94140625 0.07109375 0.0703125
4 0.93359375 0.87265625 0.065625 0.0734375
4 0.93125 0.9421875 0.06953125 0.075
4 0.5703125 0.334375 0.06640625 0.06875
4 0.5703125 0.2640625 0.06640625 0.0671875
4 0.56875 0.19375 0.075 0.0734375
4 0.5703125 0.12734375 0.07265625 0.06875