0 0.49610158852458364 0.45683237209639077 0.6996739981001389 0.10285058086462234
1 0.49446635334222255 0.47320539890815877 0.7495792659550006 0.9464107978163175
3 0.5166686616628475 0.468829586484532 0.02874324905006951 0.033467848919060954
3 0.5149028738594447 0.25669100557867525 0.031904616641249994 0.03551878981417447
2 0.8306104071975353 0.8485128009022455 0.06257404160312525 0.08783574895565147
2 0.776740524788716 0.8534037264649045 0.06875130642076392 0.0844329403143588
2 0.7150581423798965 0.8587315727456476 0.06235583605604163 0.07657871330837192
2 0.6595530247887159 0.8599575372361637 0.06718880642076393 0.084345556170742
2 0.5985064220151741 0.8577370010135786 0.06715243882958326 0.08246938356286188
2 0.8058876305089584 0.03099264161909932 0.07042290919430556 0.06198528323819864
2 0.29783100873680607 0.6782799507773166 0.06402743882958344 0.0822946152756285
2 0.23930999391916713 0.685309201378706 0.06246493882958344 0.0822072311320117
2 0.18313272910152828 0.6922073757646703 0.06246493882958339 0.0822072311320117
2 0.4104920500555907 0.5189054566074602 0.06239220364722229 0.07845488591625184
2 0.35118978523795175 0.525978399280658 0.06239220364722229 0.07845488591625184
2 0.29259603523795175 0.5292553046662877 0.06399107123840278 0.08041844266774857
2 0.23402046903354207 0.5334702963558573 0.06700696846486114 0.07496469313134217
2 0.17473638801149344 0.5414813253329951 0.06391833605604172 0.07666609745198871
2 0.7473120643045487 0.03164931593616576 0.06718880642076393 0.06329863187233152
4 0.18631554654020896 0.8967538820953905 0.06718880642076393 0.084345556170742
4 0.24492748033579925 0.8944150630137008 0.06718880642076393 0.0843455561707418
4 0.30348486274461867 0.8892619850201914 0.06235583605604171 0.07657871330837192
4 0.3619876937666673 0.881294648114862 0.06718880642076393 0.0843455561707418
4 0.4198001937666673 0.8780614348010407 0.0639183360560418 0.07666609745198871
4 0.8220471458952782 0.4874369580289766 0.07031380642076393 0.0845203244579756
4 0.7595653296908684 0.4918704100775881 0.07031380642076393 0.08452032445797539
4 0.7033698810776393 0.49783049815961244 0.07187630642076392 0.0846077086015924
4 0.6447761310776393 0.501107403545242 0.06882404160312508 0.08818528553011866
4 0.8135956002080904 0.29351524554425473 0.06562630642076392 0.0842581720271251
4 0.754838196047778 0.28834937419442475 0.06246493882958344 0.0822072311320117
4 0.28683242524621544 0.2722633494585464 0.06555357123840277 0.08050582681136526
4 0.22720285210795158 0.2624507386608249 0.06711607123840287 0.08059321095498205
4 0.17026252108590295 0.2703306914225375 0.06555357123840286 0.08050582681136526