1 0.5 0.5 1 1
0 0.4707418083725005 0.519804134745874 0.15725772014317166 0.9597966406515056
3 0.6440281189523139 0.5822198331092606 0.06145271046687384 0.0645188569862416
3 0.6992084426157199 0.5622272808396751 0.06788472099021767 0.06786211179556503
2 0.09594256057981343 0.059714795098009345 0.0806577367752332 0.07298612141421194
2 0.09018611326711909 0.11822669954451306 0.07119173151356137 0.07109623920022679
2 0.08194940806191699 0.1790005084375205 0.08056673151356135 0.07142362141421196
2 0.07453945548755078 0.23902034918169335 0.08074874203690507 0.07454862141421188
2 0.06855549502067683 0.30143850362819713 0.08093075256024876 0.07767362141421189
2 0.9534673632671191 0.14837314508231092 0.07753273677523324 0.07287699400955025
2 0.9451851554310811 0.20992820397531836 0.08074874203690499 0.07454862141421188
2 0.2903438639024036 0.7945436960011341 0.08093075256024881 0.07767362141421189
2 0.2836241560663656 0.8561533185964724 0.08065773677523325 0.07298612141421187
2 0.27543295349199937 0.9161458774894797 0.08102175782192056 0.07923612141421188
2 0.5128929690652534 0.6966320187739574 0.07449874203690499 0.07433036660488845
2 0.5078267664908872 0.7567337050716267 0.08414675782192056 0.07934524881887359
2 0.5002348033931774 0.8198785458157996 0.07780575256024883 0.07756449400955034
2 0.4930523639729908 0.8759921365599723 0.07431673151356133 0.07120536660488881
2 0.4830256456136091 0.9406176317506489 0.0773507262518894 0.06975199400955034
4 0.8545058034637645 0.906619665500731 0.07155575256024882 0.07734623920022657
4 0.8434703219502031 0.9678075977688989 0.07477175782192055 0.06438480446220218
4 0.5641186240022243 0.35475454282057467 0.07789675782192056 0.07912699400955017
4 0.5717105870999342 0.2916097020764018 0.08038472099021768 0.06829862141421188
4 0.5807285423051363 0.23086317503455978 0.07744173151356133 0.07131449400955026
4 0.5880019869869948 0.17318708429038693 0.08102175782192056 0.07923612141421196
4 0.5940769527155405 0.10920642984388321 0.0730272472985769 0.07583830290255769
4 0.3839585000705872 0.08777783002921767 0.07293624203690507 0.07427580290255767
4 0.3763210343420414 0.1517039207733905 0.07744173151356133 0.07131449400955026
4 0.369783337029347 0.2101885433687288 0.07762374203690507 0.07443949400955026
4 0.029197227920243318 0.6473040751350763 0.058394455840486637 0.07912699400955034
4 0.02620524768680634 0.7057068521769182 0.05241049537361268 0.07153274881887377
4 0.022223402976713054 0.7649727247722565 0.04444680595342611 0.07767362141421205
4 0.020126429320365884 0.8242658792187602 0.04025285864073177 0.07934524881887342
4 0.014032200402346864 0.8857936562606022 0.028064400804693728 0.07912699400955034