1 0.5 0.5 1 1
0 0.4723236601975664 0.50390625 0.9446473203951328 0.184375
2 0.01994115940282448 0.1390625 0.03988231880564896 0.078125
2 0.06275173625424513 0.13046875 0.08358803218308677 0.078125
2 0.1314306804380464 0.1203125 0.08693155347041022 0.08125
2 0.20000036397818594 0.11171875 0.08079081411407199 0.0828125
2 0.2671714384838181 0.10078125 0.08849405347041017 0.08125
2 0.05453223867690822 0.97421875 0.08329310124083725 0.0515625
2 0.12204752060789341 0.96953125 0.08082366510280767 0.0609375
2 0.7589226238655431 0.33046875 0.08202553218308672 0.078125
2 0.8259844377275133 0.32109375 0.08693155347041 0.08125
2 0.8961712515894839 0.31171875 0.08871257475773361 0.084375
2 0.6375400247183928 0.546875 0.09005655347041017 0.08125
2 0.705437718902194 0.53671875 0.08358803218308672 0.078125
2 0.7740620327641645 0.52734375 0.08358803218308672 0.078125
2 0.8420143572697967 0.51640625 0.09027507475773362 0.084375
2 0.9122011711317668 0.50703125 0.09016581411407217 0.0828125
4 0.6023166168281776 0.05625 0.08693155347041034 0.08125
4 0.6726126913338097 0.0453125 0.08224405347041035 0.08125
4 0.15458504910780935 0.41484375 0.08558757475773371 0.084375
4 0.08574221395851547 0.42734375 0.08380655347041022 0.08125
4 0.029592533898621386 0.4359375 0.05918506779724277 0.084375
4 0.7371122339084566 0.0390625 0.08202553218308672 0.078125
4 0.8062446461612727 0.03359375 0.08751070767745475 0.0671875
4 0.8753224280922579 0.02890625 0.08373014381548423 0.0578125
4 0.8683376485839357 0.87734375 0.08649451089576346 0.075
4 0.9168133534113988 0.865625 0.050775532183086725 0.078125
4 0.30462933573037154 0.59296875 0.08180701089576328 0.075
4 0.23366127186840116 0.60234375 0.08024451089576327 0.075
4 0.16352908832826157 0.6109375 0.08871257475773371 0.084375
4 0.09713926382262947 0.621875 0.08391581411407197 0.0828125