1 0.49795926787784744 0.4831617767345423 0.9959185357556949 0.8663235534690846
3 0.5297845131667417 0.40732653007636016 0.09649210485118864 0.07292951734563573
3 0.442396599221999 0.548632235399406 0.09024210485118864 0.07285679201145392
2 0.1924270028749379 0.10468005136058967 0.0869895590935541 0.0712579293443631
2 0.12450605029956241 0.09372382268459009 0.0807395590935541 0.07118520401018136
2 0.23268753300144315 0.770623772040089 0.08673446757828503 0.06813292934436319
2 0.16567537618370215 0.7581141340308623 0.08686201333591956 0.0696954293443632
2 0.09697317360832665 0.7471488146880899 0.0901145590935541 0.07129429201145392
2 0.03868102316868135 0.7331221300127266 0.0773620463373627 0.06813292934436319
2 0.005725001956854028 0.718359648671227 0.011450003913708056 0.07109429734245402
2 0.8573045089146779 0.6676309674569942 0.08816942182065049 0.06658861067790856
2 0.7902285792181196 0.6559025794477675 0.08698955909355419 0.07125792934436319
2 0.7213988308851096 0.6464997601049951 0.09362219636645755 0.076018154678545
2 0.6299441387707156 0.4640134294239049 0.10025483363936125 0.08077838001272682
2 0.6944052514978121 0.46945545476604095 0.08998701333591956 0.06973179201145392
2 0.7613536354367358 0.48274634277526773 0.09336710485118864 0.072893154678545
2 0.8267395193756595 0.4960190494509491 0.08816942182065049 0.06658861067790856
2 0.8953779490722177 0.5077656187937214 0.08673446757828529 0.06813292934436319
4 0.8943247295370786 0.23327414879053973 0.08867960485118864 0.07283861067790856
4 0.9494905905971851 0.24720992679817577 0.06811201333591939 0.06947725334181776
4 0.7984882629975638 0.8804304121180401 0.08855205909355401 0.07127611067790837
4 0.7323211290586401 0.8671486147755859 0.09154951333591957 0.06974997334499947
4 0.6660264493620819 0.8554293174331317 0.09349465060882309 0.07445565467854465
4 0.5966067696655235 0.8436736574235868 0.08698955909355419 0.07125792934436319
4 0.5288133628477827 0.8311549287475872 0.09180460485118865 0.07287497334499946
4 0.150384442404258 0.5335044853596351 0.09154951333591957 0.06974997334499947
4 0.08265480846533427 0.5202045066836355 0.08998701333591956 0.06973179201145392
4 0.028723692718367895 0.506123278007636 0.05744738543673579 0.06498974801081765
4 0.062262044380508676 0.3580948580124085 0.08724465060882317 0.07438292934436319
4 0.12771170119824965 0.37058631468808995 0.0838645590935541 0.07122156667727228
4 0.19297003937953883 0.38542152136377134 0.08673446757828503 0.0681329293443631
4 0.25932849195491436 0.39635956870622546 0.08491687606301594 0.06498974801081765