0 0.490625 0.53515625 0.0546875 0.86953125
1 0.4984375 0.534375 0.959375 0.89921875
3 0.47734375 0.50625 0.02421875 0.0484375
3 0.49921875 0.50234375 0.0265625 0.06015625
4 0.42890625 0.1640625 0.07421875 0.07578125
4 0.4296875 0.24140625 0.0765625 0.07734375
4 0.4296875 0.30859375 0.071875 0.08046875
4 0.428125 0.3859375 0.07109375 0.0828125
4 0.4265625 0.47109375 0.078125 0.1046875
4 0.62265625 0.165625 0.07109375 0.07734375
4 0.6265625 0.24375 0.07734375 0.084375
4 0.6265625 0.3203125 0.08203125 0.10546875
4 0.9234375 0.71484375 0.0796875 0.09140625
4 0.9234375 0.78671875 0.08125 0.09453125
4 0.92265625 0.865625 0.0859375 0.09140625
4 0.92265625 0.93359375 0.075 0.07578125
4 0.925 0.97578125 0.075 0.02421875
4 0.06171875 0.9140625 0.07890625 0.07421875
4 0.06484375 0.9609375 0.08125 0.0171875
2 0.06953125 0.15625 0.078125 0.0984375
2 0.0703125 0.2390625 0.078125 0.0828125
2 0.428125 0.7171875 0.071875 0.07890625
2 0.43046875 0.78984375 0.071875 0.07890625
2 0.4265625 0.86015625 0.071875 0.07890625
2 0.425 0.93125 0.07421875 0.071875
2 0.42421875 0.97109375 0.06953125 0.0203125
2 0.62578125 0.859375 0.08125 0.071875
2 0.6265625 0.9328125 0.075 0.06875
2 0.6265625 0.97265625 0.06875 0.01171875
2 0.92109375 0.15625 0.0921875 0.08125
2 0.92109375 0.2328125 0.0796875 0.06875
2 0.915625 0.30234375 0.0796875 0.07265625
2 0.92265625 0.3640625 0.0796875 0.084375
2 0.91953125 0.44296875 0.090625 0.09609375