1 0.5 0.5 1 1
0 0.5063629193984516 0.4929489265679948 0.9076874200349984 0.27200084565515864
2 0.7673315227959486 0.9801036678053274 0.08159544533736351 0.03118340411982178
2 0.7016156161282214 0.9724208711204486 0.08490225867281787 0.047357290484315785
2 0.6366809594604941 0.9647333750576936 0.08039657200827222 0.06348418307004651
2 0.5733178934595397 0.9578442346818353 0.08524770401018138 0.0780519593049943
2 0.9858289593411815 0.15724048191307374 0.028342081317637026 0.08741605616544124
2 0.9509096140197263 0.14453258221299617 0.0806329293443632 0.08448579857893171
2 0.19147426340704204 0.5602755850846555 0.08065111067790856 0.08610130746423067
2 0.12881063140513307 0.546111955347076 0.08537497334499947 0.08936052150208675
2 0.06221347740290588 0.5295485591709299 0.08539315467854491 0.09097603038738543
2 0.3629936327179976 0.38879613579706906 0.0869192920114541 0.08775441137254053
2 0.29876750071608865 0.3746419048152422 0.082231792011454 0.0877262151052822
2 0.23375102804740694 0.3596846187686423 0.082231792011454 0.0877262151052822
2 0.16953398671227063 0.34633814222946485 0.08853633601209036 0.0926103367841898
2 0.10293683271004346 0.3297747460533188 0.08695565467854491 0.09098542914313827
4 0.25689291478354004 0.8886603923907416 0.0853567920114541 0.08774501261678788
4 0.19032303278163107 0.8745202595425439 0.08066929201145401 0.08771681634952955
4 0.7640952454248594 0.6925430862221287 0.08383065467854482 0.0909666316316326
4 0.8283031960932231 0.7050818083186566 0.08223179201145428 0.0877262151052822
4 0.8972441000954501 0.7216311063611736 0.08851815467854465 0.09099482789889093
4 0.12765031011294936 0.8595488753623147 0.08068747334499946 0.08933232523482841
4 0.06420542811104035 0.8453899450026116 0.08537497334499947 0.08936052150208675
4 0.024170774108813176 0.8286667699786687 0.03066929201145402 0.08741605616544124
4 0.2462119286680454 0.009885189252637198 0.0830488573360908 0.019770378505274397
4 0.6771203147278608 0.46203284843503906 0.08219542934436319 0.08449519733468445
4 0.7437083780633152 0.47778849016853575 0.08061474801081765 0.08287028969363293
4 0.8095333727323151 0.4951643401652075 0.08697383601209055 0.09260093802843714
4 0.8729600734006787 0.507707761639612 0.08223179201145392 0.0877262151052822