1 0.475 0.5090208333333334 0.7041718750000001 0.9347291666666667
3 0.391671875 0.5444375 0.06042187500000003 0.08056249999999991
3 0.5447968750000001 0.49443750000000003 0.058328125000000064 0.075
2 0.159890625 0.13610416666666666 0.059375 0.07222916666666664
2 0.1625 0.06735416666666666 0.058328124999999974 0.06527083333333333
2 0.7984375 0.3444375 0.05520312499999989 0.0722291666666667
2 0.799484375 0.27568750000000003 0.057296874999999935 0.07083333333333333
2 0.8005156250000001 0.2055625 0.057296875000000115 0.075
2 0.799484375 0.14027083333333332 0.05520312500000006 0.07222916666666664
2 0.796875 0.07014583333333334 0.058328124999999884 0.07639583333333334
2 0.583328125 0.9319375 0.05417187499999994 0.075
2 0.584375 0.8631875 0.058328125000000064 0.07083333333333333
2 0.5880156249999999 0.7930625 0.06145312500000007 0.07777083333333341
2 0.428125 0.6569375 0.06667187499999994 0.08333333333333333
2 0.42135937500000004 0.7222291666666667 0.057296874999999935 0.075
2 0.421875 0.7909791666666667 0.058328125000000064 0.07916666666666666
2 0.422921875 0.8583333333333333 0.05417187499999994 0.075
2 0.42135937500000004 0.9291666666666667 0.057296874999999935 0.07222916666666658
4 0.155203125 0.8576458333333333 0.05832812500000002 0.07360416666666675
4 0.156765625 0.9256875 0.05520312500000002 0.07360416666666675
4 0.8005156250000001 0.9284791666666667 0.057296875000000115 0.07360416666666675
4 0.8 0.8604166666666667 0.05625 0.07639583333333325
4 0.8005156250000001 0.7923541666666666 0.061453124999999886 0.07916666666666666
4 0.8020781250000001 0.7208333333333333 0.06042187500000011 0.07222916666666658
4 0.8020781250000001 0.6506875 0.058328124999999884 0.07639583333333325
4 0.5838593750000001 0.20416666666666666 0.057296874999999935 0.0777708333333333
4 0.583328125 0.13333333333333333 0.05625 0.075
4 0.581765625 0.06389583333333333 0.053125 0.07222916666666666
4 0.430734375 0.07291666666666667 0.06145312500000007 0.07083333333333333
4 0.43020312499999996 0.14027083333333332 0.058328125000000064 0.06943750000000003
4 0.4328125 0.20764583333333334 0.05520312500000006 0.07083333333333333
4 0.43125 0.27568750000000003 0.05417187499999994 0.07083333333333333