1 0.4984375 0.5001470016317193 0.996875 0.9997059967365614
3 0.9344082402879245 0.5713839682570303 0.07098192182065048 0.09047907547564926
3 0.3112572669597635 0.3662265895362811 0.05395391848667064 0.0668311752997428
3 0.6971790493814785 0.4690275415743166 0.05589905575957417 0.07319596531733336
3 0.7705044633262211 0.2793841156901997 0.05602660151720862 0.07530122847522809
3 0.4034607424139563 0.38177370084608236 0.05551641848667064 0.06688017584364915
2 0.21020417636257838 0.04455881081338035 0.07334164727484324 0.07794549761609364
2 0.19022664514881135 0.10299167352341543 0.07267196757828502 0.09263333917745037
2 0.17476127075278539 0.17738551182133352 0.07397937606301594 0.08847181340556733
2 0.1594234421143939 0.24967408696135696 0.07410692182065048 0.09057707656346206
2 0.29080227725156726 0.7684543540539418 0.06785692182065048 0.09038107438783635
2 0.27702694861317584 0.8407919297378718 0.07410692182065048 0.09057707656346219
2 0.2639053242171498 0.9152592688516494 0.07241687606301594 0.08842281286166087
2 0.49584033467813143 0.6915685289371234 0.07410692182065048 0.09057707656346219
2 0.47841384755500904 0.7595730769454976 0.07123701333591956 0.0946896017914385
2 0.46307601891661754 0.831861652085521 0.06785692182065048 0.09038107438783635
2 0.4418070546723124 0.8986910671551818 0.07228933030538158 0.08631754970376614
2 0.4290680675491901 0.9602629736032752 0.07267196757828494 0.07947405279344964
2 0.907334783629663 0.2689103209047964 0.08048446757828528 0.09287834189698257
2 0.9209825665104198 0.1986780083787613 0.07554187606301568 0.08852081394947378
4 0.09547328604555896 0.5429654130213802 0.08762728788172676 0.10781118617787151
4 0.4587692221202129 0.05024463413660871 0.06996155575957416 0.0736369702124913
4 0.44485037226999413 0.11203139375911163 0.07410692182065048 0.09057707656346206
4 0.428348656358699 0.19061125810086596 0.07605205909355402 0.09694186658105274
4 0.5613370152927736 0.38567012420168484 0.07904951333591956 0.09493460451097091
4 0.578492435446434 0.30922002328977843 0.08230205909355419 0.09713786875667844
4 0.596046468327191 0.23911021212350947 0.08048446757828494 0.09287834189698252
4 0.6137918198443998 0.16584250622039837 0.07761455909355419 0.09699086712495913
4 0.6329083527251568 0.0957816955980358 0.08529951333591956 0.09513060668659656
4 0.7329902930033828 0.9760196573972402 0.08089905575957416 0.04796068520551958
4 0.08007168452835021 0.6163066197403511 0.08073955909355408 0.09708886821277199
4 0.06004635588995875 0.6884481932486551 0.08268469636645767 0.10345365823036254
4 0.03949486876683635 0.7563547401692164 0.07735946757828502 0.0927803408091696
4 0.033762136958793695 0.8329028421689358 0.06752427391758739 0.10139739561637438
0 0.47152547407706696 0.511518648278176 0.2571404994202718 0.9494299643568657