3 0.4107429950206768 0.3283749163633154 0.09590330517696728 0.09696211733238061
3 0.4814048345396854 0.38116641661541695 0.07395271046687384 0.0674167289647781
3 0.551344879193309 0.29820073332737895 0.10426183674699843 0.1068834205506893
3 0.6622900844690982 0.31929411934919305 0.0993923262236546 0.10343063861970414
3 0.5979630029837718 0.413634345211878 0.09644933674699843 0.10633711733238052
1 0.49577523158414855 0.50546875 0.9915504631682971 0.9890625
0 0.46396597653423816 0.5459719617879539 0.9279319530684763 0.16969758297873233
4 0.04538054642785811 0.8406028566887189 0.09076109285571622 0.09728989926336595
4 0.8778908245810392 0.9836387116619033 0.05767526308359265 0.032722576676193424
4 0.8922857955006694 0.8687906468407027 0.05464126834526439 0.08318384059717551
4 0.9058008058828388 0.717555928771688 0.061073278868607875 0.08674588317182241
4 0.8258065528990672 0.3401414869336752 0.08671031570031076 0.09943155347041017
4 0.8866075450065594 0.3467464020364829 0.08184080517696728 0.09597877153942509
4 0.9444732529131846 0.3633436761737979 0.05482327886860787 0.08630884059717552
4 0.9490759948795023 0.21697677456464354 0.05951077886860787 0.08663662252816078
4 0.05081019801856603 0.6899308673323807 0.0973747999152954 0.09550887797604232
4 0.12392917960271457 0.7005348675844821 0.09654034200867016 0.10789961733238052
4 0.20058268486438643 0.7043261391239073 0.09782982622365459 0.10332137797604232
4 0.2711304032943553 0.7186724984105162 0.09957433674699842 0.10655563861970414
4 0.09016518451145056 0.32399986473449055 0.09773882096198279 0.10175887797604233
4 0.16507417924977874 0.3308068756302539 0.10389781570031094 0.10063342055068931
4 0.06820136632147804 0.5664223115161819 0.09179265785015547 0.05310285668871888
2 0.05264279770798249 0.7636961492633658 0.10528559541596498 0.09314870248167448
2 0.056285924270455534 0.6228526279760424 0.0862552893919517 0.09161905347041036
2 0.1337661821629633 0.6259172798372983 0.09305132096198276 0.10143109604505725
2 0.07394167405869403 0.4005241599070276 0.09241428413027986 0.09049359604505706
2 0.1543649214278581 0.40693233305560683 0.09608531570031094 0.10008711733238052
2 0.10050271601089449 0.24078852698730663 0.09590330517696724 0.09696211733238069
2 0.8850655587254362 0.9388846255533793 0.06365224729857673 0.07758940445914604
2 0.7847910848926214 0.7749863804970578 0.08478379465362344 0.09307229282674853
2 0.9045120506917541 0.7935557000590114 0.052350726251889766 0.07057457995351371
2 0.8546170084572051 0.6535755562435273 0.07800317363517095 0.056807010895763274
2 0.910958013718877 0.6559464394153497 0.04795165258848364 0.048481058666190256
2 0.8828385319229669 0.42492603235831367 0.08231124203690499 0.07733803218308673
2 0.938451495091264 0.43979691553013617 0.04913472099021767 0.06879355866619026
2 0.9456255002117615 0.28968765488647447 0.05538472099021767 0.06923060124083733