1 0.5 0.5 1 1
0 0.45605061668189906 0.5302368480382968 0.2333876324231463 0.9395263039234063
3 0.6237466731380104 0.6229409715404847 0.06511644354388882 0.07047173879011233
3 0.680924186097501 0.6079375959365108 0.07150314458064795 0.07254442182065049
2 0.1195121261545371 0.045949841974311026 0.0859757476909258 0.0783798336393613
2 0.10976668779444462 0.10337970470140742 0.0766007476909258 0.07761455909355411
2 0.09584159736083361 0.16361570303441747 0.0859757476909258 0.0783798336393613
2 0.08432860744560226 0.22326177000387934 0.08624914976444428 0.08150483363936126
2 0.07261056597523201 0.2852515869733412 0.08652255183796283 0.08462983363936125
2 0.9582144582468057 0.21748716549104646 0.06579994872768538 0.07828423879011233
2 0.9481272672948151 0.27882327821814284 0.07531164976444416 0.08061201333591957
2 0.2541396362857885 0.8004931760727143 0.08652255183796279 0.08462983363936125
2 0.24177704585217752 0.8608567201633589 0.08611244872768502 0.07994233363936125
2 0.22948280593694617 0.9204390142540035 0.08665925287472209 0.08619233363936125
2 0.4835037990097235 0.7240096507780011 0.07999914976444433 0.08099465060882309
2 0.4735533090944921 0.7837832635050974 0.0899209539114814 0.0880099251546305
2 0.4609856671057423 0.846490557595742 0.08339755183796278 0.08437474212409235
2 0.44910153030078864 0.9013853516863867 0.07972574769092589 0.07786965060882309
2 0.4341217877936591 0.9632007280392667 0.0827140466541664 0.07359854392146659
4 0.8067582054185666 0.9632080710765937 0.07714755183796278 0.07358385784681261
4 0.7900792618746777 0.9959010130460555 0.08013585080120364 0.008197973907888923
4 0.5625233750232413 0.3874023421434889 0.08353425287472209 0.08593724212409218
4 0.5750910170119913 0.32469504805284427 0.08413984561740726 0.0751272878817268
4 0.5889477569272227 0.26524029971983426 0.08285074769092589 0.07812474212409226
4 0.6018181952873152 0.20806552850800691 0.08665925287472209 0.08619233363936125
4 0.6128916877944446 0.14444943865972779 0.07857335080120365 0.08242960485118864
4 0.4041414043825927 0.10223076137906553 0.07843664976444434 0.08086710485118864
4 0.39157376239384284 0.16493805546971013 0.08285074769092579 0.07812474212409222
4 0.3801291229969911 0.223802872439172 0.08312414976444434 0.08124974212409217
4 0.01868005690358852 0.6259564642443051 0.03736011380717704 0.08593724212409234
4 0.013670636686783024 0.6831312354561325 0.02734127337356605 0.0801974251546305
4 0.006878967765926597 0.7421235981832288 0.013757935531853194 0.08424719636645772
4 0.002006248585880357 0.801307279546777 0.004012497171760714 0.08698955909355419