1 0.5 0.5 1 1
3 0.48671875 0.622461514600594 0.071875 0.061773841343090476
3 0.55390625 0.6623047172581399 0.06875 0.060174978675999566
0 0.5015625 0.4933825419319122 0.9078125 0.2793133547899034
4 0.02265625 0.26145512066359106 0.0453125 0.08021475867281787
4 0.0703125 0.23902558999045498 0.0890625 0.07759883601209036
4 0.20546875 0.20854665463877398 0.0921875 0.07763519867918127
4 0.27578125 0.189759744629229 0.0875 0.07601815467854492
4 0.23515625 0.9222637093014106 0.096875 0.08237724267981754
4 0.165625 0.9480727786441829 0.0890625 0.08072383601209054
4 0.8875 0.2552980025461874 0.084375 0.074419292011454
4 0.82109375 0.2740394592218688 0.0890625 0.07603633601209037
4 0.7578125 0.2974320532304593 0.09375 0.07765338001272663
4 0.66640625 0.5203706612428678 0.0953125 0.07767156134627218
4 0.7328125 0.5008479545671863 0.0859375 0.07443747334499946
4 0.80390625 0.4851769538908687 0.0828125 0.07283861067790856
4 0.8703125 0.46956049721518733 0.0875 0.076018154678545
4 0.9390625 0.45079176853918773 0.0875 0.07445565467854501
2 0.56484375 0.1199899479233217 0.090625 0.08074201734563582
2 0.63359375 0.10122121924732212 0.090625 0.08074201734563582
2 0.70078125 0.08247067190486801 0.0953125 0.07923406134627213
2 0.76875 0.06371103389564117 0.0875 0.07601815467854492
2 0.8328125 0.04812184922027793 0.0890625 0.07759883601209036
2 0.0546875 0.4774886533259094 0.0875 0.07445565467854501
2 0.12578125 0.4586926526495917 0.0953125 0.08235906134627217
2 0.19140625 0.44074153664068305 0.084375 0.07441929201145392
2 0.09609375 0.6770068479869552 0.0875 0.076018154678545
2 0.16640625 0.6590011879774101 0.0875 0.076018154678545
2 0.234375 0.6378977999681833 0.0890625 0.07447383601209019
2 0.30390625 0.6253699806254109 0.084375 0.07441929201145392
2 0.37421875 0.604239320615866 0.090625 0.07761701734563572
2 0.93828125 0.7367383592059603 0.0875 0.076018154678545
2 0.98203125 0.7198230318666881 0.0359375 0.07854317067154533
4 0.13671875 0.22575288331477358 0.0890625 0.07759883601209036