1 0.49140625 0.5147075535222609 0.5453125 0.9705848929554782
3 0.45390625 0.2725117569534485 0.0390625 0.07410515670291518
3 0.46640625 0.19714343988526659 0.04375 0.08785023452365846
0 0.48984375 0.5429180093168517 0.45625 0.35971216471627904
2 0.6265625 0.1908106479409894 0.059375 0.1784759037622016
2 0.66875 0.18172946308177718 0.053125 0.17763547213235814
2 0.5828125 0.6537800855484786 0.05625 0.17149831089809967
2 0.625 0.641420212164676 0.053125 0.16779940655858763
2 0.665625 0.632128919398003 0.0546875 0.1647308259414584
2 0.7078125 0.6214083902764956 0.05625 0.16821962237350932
4 0.4546875 0.6873709092678347 0.065625 0.1760376468674549
4 0.4078125 0.6991004589292544 0.053125 0.16452071803399748
4 0.36484375 0.7097159340970313 0.053125 0.15468465246022697
4 0.32265625 0.7187971189562435 0.0546875 0.16145213741686826
4 0.2890625 0.7323125858310807 0.0390625 0.16590843539143976
4 0.33359375 0.27600557922650243 0.0671875 0.199198574447047
4 0.28515625 0.28096764393128104 0.05625 0.18133437647186998
4 0.25 0.28115824880029666 0.04375 0.17637482468759288