1 0.4984375 0.513496801705757 0.965625 0.9587846481876333
4 0.347921875 0.09950959488272922 0.07707812499999997 0.09098081023454155
4 0.3453125 0.1840724946695096 0.078125 0.09238805970149257
0 0.4921875 0.14891257995735607 0.059375 0.20968017057569296
0 0.503640625 0.7846481876332623 0.078125 0.0625373134328359
2 0.273953125 0.8123667377398721 0.07707812499999997 0.08671641791044768
2 0.274484375 0.894818763326226 0.08229687500000002 0.083859275053305
2 0.261453125 0.9566524520255864 0.08957812499999998 0.04833688699360333
2 0.425 0.9616204690831557 0.07917187499999993 0.04407249466950951
2 0.5421875 0.570724946695096 0.078125 0.07818763326226004
2 0.5296875 0.6560127931769724 0.090625 0.09808102345415778
2 0.523953125 0.849317697228145 0.08957812500000006 0.08671641791044768
4 0.5734375 0.279317697228145 0.084375 0.09524520255863543
4 0.504171875 0.2999360341151386 0.06042187499999994 0.07959488272921106
2 0.543234375 0.9111513859275053 0.08229687499999994 0.08812366737739881