3 0.69921875 0.42109375 0.08671875 0.0875
3 0.65390625 0.49609375 0.05859375 0.06796875
3 0.74375 0.5578125 0.09765625 0.0953125
3 0.734375 0.6703125 0.09375 0.090625
3 0.63359375 0.61484375 0.096875 0.0875
1 0.48671875 0.49453125 0.9703125 0.96640625
0 0.48828125 0.490625 0.07265625 0.92890625
4 0.1515625 0.10078125 0.08671875 0.0921875
4 0.07265625 0.94765625 0.0765625 0.05078125
4 0.2125 0.94921875 0.078125 0.04609375
4 0.3640625 0.9484375 0.08125 0.053125
4 0.73046875 0.834375 0.08984375 0.078125
4 0.73046875 0.8953125 0.08828125 0.0734375
4 0.71953125 0.9546875 0.08125 0.04765625
4 0.865625 0.9453125 0.08125 0.0515625
4 0.30234375 0.09765625 0.08515625 0.0890625
4 0.29921875 0.17109375 0.09765625 0.08671875
4 0.30390625 0.24765625 0.09375 0.0890625
4 0.296875 0.31875 0.096875 0.090625
4 0.66953125 0.10234375 0.0921875 0.0890625
4 0.67109375 0.17734375 0.08984375 0.0953125
4 0.4265625 0.103125 0.04375 0.0875
2 0.22890625 0.1046875 0.08203125 0.09921875
2 0.36953125 0.096875 0.08203125 0.078125
2 0.37421875 0.1734375 0.0921875 0.08515625
2 0.5921875 0.09375 0.08203125 0.08359375
2 0.59453125 0.17421875 0.08984375 0.08671875
2 0.75390625 0.1046875 0.08671875 0.0875
2 0.1421875 0.9484375 0.07109375 0.05625
2 0.29453125 0.83359375 0.08359375 0.0765625
2 0.28828125 0.9546875 0.065625 0.04765625
2 0.421875 0.8921875 0.0484375 0.0734375
2 0.42578125 0.9484375 0.04296875 0.04453125
2 0.65234375 0.89921875 0.06953125 0.075
2 0.64296875 0.95546875 0.0640625 0.04296875
2 0.79296875 0.9484375 0.0640625 0.05078125