1 0.5 0.5 1 1
0 0.47815273971169303 0.4943378908031767 0.9394254274079057 0.221024673293293
2 0.015796581864348395 0.8447448734383709 0.03159316372869679 0.0926147468767418
2 0.05105581467863647 0.8599340570833964 0.09562011646291486 0.09583974082661798
2 0.595114510403908 0.588796938811387 0.10335072930778502 0.09432269262201594
2 0.6685553324301752 0.6040724808676687 0.09701884215265544 0.09272383118569749
2 0.7329487030769617 0.6130434807694729 0.09998006784239592 0.08961701190385671
2 0.8061405416115723 0.618158227646215 0.10195200361804453 0.09743860226293641
2 0.8742763879480993 0.630276953445718 0.09701884215265544 0.09272383118569749
2 0.775621961217562 0.3952565379510652 0.09701884215265544 0.09272383118569749
2 0.8444162268213942 0.4097235589301082 0.09890889077317447 0.09898292154477702
2 0.9131286052700969 0.42575307990915123 0.09545634215265508 0.09271474082661779
2 0.43109951379480993 0.06502711982413371 0.09701884215265544 0.09272383118569745
2 0.3630046110358479 0.05212714402463055 0.09068695499752559 0.09112496974937898
2 0.2945821596563669 0.04547716822512736 0.09208568068726616 0.08800906010845859
2 0.22303470827688593 0.03880901170746495 0.09455558344622812 0.07552724082661783
2 0.15539350689740497 0.032163581087501586 0.09858798620519008 0.06305451190385668
4 0.0542648603584794 0.5004681534926003 0.09027751922187685 0.08331246974937905
4 0.12092009385013602 0.511015288933024 0.09035940637700657 0.08487496974937905
4 0.19218094018666287 0.5231521954506864 0.09027751922187685 0.08331246974937905
4 0.2618792865231897 0.5352800116092691 0.09381195499752559 0.0911431504675381
4 0.3315776328597166 0.5474078277678519 0.09340251922187681 0.08333065046753826
4 0.09919998134395004 0.28425734621281207 0.09233134215265537 0.09269656010845857
4 0.17194144052534716 0.2979658430895541 0.09677318068726612 0.0880363311856975
4 0.24020011759456864 0.3077408188890573 0.09068695499752559 0.09112496974937896
4 0.6931148349165662 0.10562589050858913 0.09578389077317447 0.09896474082661784
4 0.7625675197877037 0.12244120666717193 0.09249511646291494 0.09582156010845858
4 0.8300449468569251 0.13221163728713528 0.09373006784239593 0.08958065046753819
4 0.8985083418139711 0.13808036308663846 0.09233134215265544 0.09269656010845861
4 0.9611344945729332 0.15094852262936298 0.06708568068726635 0.08786361436318471
4 0.7269422060176377 0.9638549843837101 0.08994997060135787 0.07229003123257982
4 0.7984896573971187 0.9703140626425414 0.08929487336031983 0.059371874714917186