3 0.5743480202958348 0.5364782280792236 0.08738299756436803 0.08381247334499946
3 0.5182167970811961 0.48425210940481483 0.07641822402541756 0.08212270401018137
1 0.5 0.5 1 1
4 0.3863790470844912 0.9614749440244988 0.08579322402541774 0.07705011195100227
4 0.32452392938973956 0.9689419986871354 0.0808329886359143 0.06211600262572929
4 0.26343642492551267 0.9771812126829993 0.08053297970746058 0.04563757463400151
4 0.1991966469223355 0.986955654678545 0.0833034237011061 0.026088690642909994
4 0.13114607630548444 0.9912340746737722 0.0878272824674041 0.01753185065245546
4 0.28955464002247666 0.9152732007081343 0.08116027110331832 0.08530224801081801
4 0.22833076786349804 0.9309703786998622 0.0843125446422687 0.08690111067790837
4 0.16868303247399466 0.9459044880251352 0.08425799756436803 0.08377611067790838
4 0.1090625706234416 0.9587076570058862 0.07957049756436803 0.08258468598822759
4 0.21948364773311435 0.8558522000318167 0.09220686525911974 0.09167951734563573
4 0.15579329464885927 0.8785533560232262 0.08110572402541769 0.08217724801081765
4 0.09539158279830622 0.8919158746817265 0.08113299756436802 0.08373974801081766
4 0.14928992451847561 0.8034624493554989 0.08433981818121908 0.08846361067790873
4 0.08566775528159634 0.8222573553469085 0.0843125446422687 0.08690111067790873
4 0.06957119683960995 0.7595573606779086 0.0858750446422687 0.08691929201145392
2 0.5993181615262415 0.0460441320814508 0.08573867694751698 0.07910679201145401
2 0.6674641895294187 0.036678770090677645 0.08382162094116268 0.058776110677908576
2 0.9191419176153215 0.2568389181253579 0.07647277110331849 0.08524770401018138
2 0.8411766047091082 0.20201451078131294 0.08431254464226896 0.08690111067790855
2 0.9039357033291363 0.1878980141231307 0.0779534504864671 0.08057838534372683
2 0.7663362918028949 0.14722646610435883 0.08110572402541774 0.08217724801081769
2 0.8307124375008238 0.13000315077972208 0.0811602711033185 0.08530224801081769
2 0.8878800551955756 0.1228542694541308 0.08110572402541791 0.08217724801081769
2 0.8688630482957166 0.048399162118040025 0.08102390340856687 0.07748974801081768
2 0.8045550864451636 0.06171622744267678 0.08592959172016953 0.09004429201145403
2 0.7431812098219582 0.08600715543440444 0.0874375446422686 0.08693747334499946
2 0.6805175685882562 0.09465490209258665 0.0874375446422686 0.08693747334499946
2 0.736309646915745 0.03200999876667722 0.08363070616851012 0.04783861067790858
2 0.8021528352273476 0.0202736147755859 0.08319432954530477 0.022838610677908572