0 0.4752224003332315 0.5245595024863909 0.18321945409104803 0.687630554047586
1 0.4783474003332315 0.5247232767966504 0.8567383449092576 0.8585338692879899
3 0.4753850661728317 0.5378816960639557 0.04749573821317572 0.04924972749876275
3 0.29313764640429 0.4993537053362099 0.0424443651776464 0.041191566033373664
3 0.30107427088756145 0.5475422218445531 0.04258991439185813 0.04431656603337366
3 0.6894090248165028 0.5835571234718614 0.03924659057054054 0.03946529172311415
3 0.6555584096388565 0.6209409367917015 0.03590326674922295 0.034614017412854636
4 0.23618359491376678 0.14159875904511154 0.07834763192686944 0.07580558344622812
4 0.22504273366506178 0.19583587969189792 0.07976458271265771 0.07276247060135783
4 0.21315700971990967 0.24925080676111938 0.06853598428423427 0.06593926051544959
4 0.2028337857747576 0.3027476209854706 0.076494033498446 0.06947369629109837
4 0.1924741745260526 0.35702568520982186 0.07693068114108118 0.07884869629109836
4 0.33427626096276397 0.7090462878779269 0.07031680810555185 0.07070864767057934
4 0.32462512510695307 0.7649277956798429 0.07009848428423426 0.06602114767057934
4 0.3158280138582481 0.8192877470593238 0.07500430810555195 0.07095430913596842
4 0.5054299770500332 0.6326519634768102 0.07358735731976367 0.07399742198083885
4 0.4927266158013282 0.6868071969684669 0.07009848428423418 0.06602114767057934
4 0.4838931172490703 0.7419483983479479 0.07656680810555194 0.07103619629109836
4 0.472861417911024 0.7938417689947344 0.0702440334984459 0.06914614767057933
4 0.4600488947516602 0.850340752486391 0.06853598428423417 0.0659392605154494
4 0.8620311573625449 0.27385897613996646 0.06392125889134022 0.06725609905006032
4 0.850817521506734 0.3296585967867528 0.07046235731976366 0.07383364767057934
2 0.14871125020939696 0.5567866677969674 0.06875430810555186 0.07062676051544958
2 0.13906011435358612 0.6126681755988834 0.07536818114108117 0.0787668091359686
2 0.12650230231909282 0.66369840909054 0.076494033498446 0.06947369629109837
2 0.11752325455262316 0.721964610470021 0.07187930810555185 0.0707905348257091
2 0.1050018298216828 0.7722135939616777 0.07195208271265771 0.07235303482570891
2 0.4463740781645438 0.18550696856519294 0.06562930810555194 0.07046298620519006
2 0.43288946691583874 0.23962125847928464 0.07002570967712848 0.06445864767057934
2 0.4217486056671337 0.29385837912607105 0.06704625889134022 0.06741987336031982
2 0.5452866513666887 0.4326862630018404 0.06697348428423436 0.06585737336031983
2 0.5572451499189468 0.37770883593261895 0.06541098428423417 0.06577548620519007
2 0.570656986560546 0.32515704601852724 0.0655565334984459 0.06890048620519007
2 0.5819433970234626 0.2677949253717408 0.06526543507002262 0.06265048620519006
2 0.5937927336650617 0.21516124830251931 0.0655565334984459 0.06890048620519007
2 0.7427351162156131 0.8510588839873112 0.06860875889134022 0.0675017605154494
2 0.7314850930562491 0.9076397546340974 0.07173375889134022 0.06766553482570928