1 0.5 0.5 1 1
0 0.5223660672388347 0.5010214387332697 0.8404013618124774 0.1768417881126311
3 0.502379444010707 0.7373311087284972 0.04126535009228505 0.03482953333863605
3 0.5394300586009615 0.6698441640674515 0.04439035009228505 0.034865896005727134
2 0.3067341679494287 0.34003684337204365 0.09260660703211539 0.08070565467854492
2 0.23126379857881219 0.3196419800286351 0.08928134793281677 0.0775442920114541
2 0.1521072247046889 0.3148175726845901 0.091244366131414 0.08381247334499946
2 0.13759054904023751 0.49029883068109026 0.09144462523071266 0.08693747334499946
2 0.21167889111295807 0.5013096033577261 0.08948160703211538 0.08066929201145392
2 0.28752999228497733 0.5154635573679075 0.09416910703211538 0.08072383601209036
2 0.3639120195828733 0.5257203520448616 0.09094397748246603 0.07912497334499946
2 0.43736930598006785 0.5390657840547247 0.09583173658176473 0.08230451734563574
2 0.7999214797895927 0.9461088614337682 0.10384449568106327 0.08552042401336309
2 0.8797288957364365 0.9587831190523385 0.10081962523071261 0.08243376189532299
2 0.6320789196474716 0.1299196927514052 0.09759449568106326 0.08544769867918127
2 0.7125674560446663 0.14334694076222287 0.09456962523071262 0.08697383601209037
2 0.790562048117387 0.15440316677272242 0.09613212523071261 0.08699201734563582
2 0.8693378901901074 0.16546848344999462 0.10081962523071261 0.08704656134627213
2 0.9497763618124774 0.1781144814608123 0.09759449568106326 0.08544769867918127
4 0.1780236728866742 0.06140221869031709 0.09739423658176474 0.08232269867918125
4 0.25694970928386873 0.07481128536758934 0.09104410703211538 0.08068747334499946
4 0.33191943090623865 0.08739364871099795 0.09104410703211538 0.08068747334499946
4 0.4059577082041346 0.09762317138763388 0.09104410703211538 0.08068747334499946
4 0.48155848550203056 0.10787087539781522 0.09583173658176473 0.08230451734563582
4 0.7680209238095248 0.41176113343408627 0.09250647748246621 0.079143154678545
4 0.8462157749815441 0.4259423594445858 0.0926066070321152 0.080705654678545
4 0.9234489034514592 0.44948040412153994 0.09583173658176491 0.08230451734563574
4 0.5968840083241063 0.5674645987428147 0.09104410703211538 0.08068747334499946
4 0.6718036651716515 0.5792657120862232 0.09563147748246603 0.07917951734563573
4 0.7501487106681447 0.5957906880967229 0.10248225478036196 0.08862724267981754
4 0.8280932379660406 0.6060656641072224 0.0971939774824662 0.07919769867918128
4 0.18764392041343886 0.8328135946849082 0.08948160703211538 0.08066929201145392
4 0.11008012491694563 0.8162977093411815 0.09406897748246604 0.07916133601209019