1 0.49140625 0.48125 0.8015625 0.9625
3 0.62109375 0.45625 0.04609375 0.06171875
3 0.6765625 0.51171875 0.046875 0.06015625
0 0.49921875 0.5015625 0.046875 0.9234375
4 0.14765625 0.071875 0.06171875 0.0796875
4 0.14375 0.14609375 0.059375 0.0765625
4 0.1484375 0.284375 0.06015625 0.0796875
4 0.14765625 0.35703125 0.059375 0.075
4 0.8484375 0.13984375 0.0625 0.08515625
4 0.85546875 0.06640625 0.06328125 0.0765625
4 0.36640625 0.9328125 0.0578125 0.071875
4 0.36796875 0.8640625 0.0578125 0.078125
4 0.37421875 0.796875 0.0578125 0.0828125
4 0.5671875 0.6546875 0.0578125 0.08359375
4 0.565625 0.7234375 0.0578125 0.0734375
4 0.56796875 0.79609375 0.05546875 0.071875
4 0.56953125 0.8640625 0.059375 0.075
4 0.56875 0.93515625 0.05703125 0.0765625
2 0.153125 0.653125 0.0625 0.078125
2 0.15234375 0.72421875 0.06328125 0.078125
2 0.1515625 0.79375 0.06015625 0.0828125
2 0.15 0.8640625 0.059375 0.075
2 0.1515625 0.9296875 0.06015625 0.0765625
2 0.37109375 0.0734375 0.05703125 0.0765625
2 0.37109375 0.14609375 0.06171875 0.0828125
2 0.3703125 0.2140625 0.0578125 0.071875
2 0.575 0.06484375 0.0578125 0.0765625
2 0.57578125 0.1375 0.0578125 0.075
2 0.571875 0.20859375 0.05703125 0.078125
2 0.57734375 0.27890625 0.0578125 0.071875
2 0.575 0.3515625 0.059375 0.078125
2 0.84609375 0.865625 0.06015625 0.075
2 0.84765625 0.93515625 0.06328125 0.0703125
4 0.14765625 0.21328125 0.059375 0.0765625