1 0.5 0.5 1 1
3 0.6626223012662764 0.5063676042484127 0.041290241224511345 0.07769910266556704
3 0.6896765462517116 0.5508677620076868 0.05089256175762476 0.08578438730530316
0 0.5289830871596538 0.5009179231321734 0.247818284506722 0.9517229390337981
2 0.9652171377010145 0.49197746146632626 0.06956572459797102 0.1273641335443795
2 0.9749271068222022 0.391514460212685 0.05014578635559559 0.09391513605166191
2 0.9790546656768331 0.3057360845858644 0.04189066864633375 0.10609688730530316
2 0.9856396347980206 0.21768215511897776 0.028720730403958682 0.09782974623907634
2 0.6241785445358519 0.8752479848897983 0.09219952335696498 0.11040395407749273
2 0.6096052306666561 0.957831192365757 0.0902733105039836 0.08433761526848613
2 0.15639240399835055 0.06309469655564544 0.1002848079967011 0.12000627461060623
2 0.44141019398185594 0.6568292908414353 0.08733016693047428 0.10401756175762475
2 0.4283539160060375 0.7446558997752084 0.08719377461060632 0.09933006175762475
2 0.415229441870285 0.8301387587089817 0.08572220282385175 0.10240959765100185
2 0.40217316389446645 0.9179653676427548 0.08576766693047429 0.10397209765100186
4 0.054033529096445744 0.8375825680258309 0.062512023356965 0.10954013605166182
4 0.4820051355894435 0.38870742814673837 0.09260870031656906 0.12446645407749272
4 0.4963283968722145 0.29077003331958784 0.08563127461060631 0.09928459765100203
4 0.5101659248480331 0.202966156439126 0.0825062746106063 0.09919366943775679
4 0.5247619707705402 0.11440376161197549 0.08259720282385175 0.10231866943775673
4 0.5336763180258309 0.04519076035833426 0.08297763605166182 0.06173913354437942
4 0.7132514724198928 0.26117477619345186 0.10359166442319179 0.12634720282385156
4 0.7314582516493526 0.16256979163285806 0.09197220282385174 0.10259145407749282
4 0.7465316706913979 0.09041364680570754 0.08655727711788863 0.07745506175762477
4 0.9392004877927921 0.7563976626408252 0.09063702335696497 0.11035848997087001
4 0.9255448162434643 0.850451539521287 0.08839256175762493 0.0868755258642473
4 0.9116845562143345 0.9374741664017489 0.0902733105039836 0.09785848997087002
4 0.8947076563726188 0.9845905779884537 0.09377874373179367 0.030818844023092495