1 0.5 0.5125 0.95546875 0.94453125
0 0.50234375 0.5109375 0.04453125 0.9234375
2 0.06875 0.07890625 0.0609375 0.0703125
2 0.06640625 0.14765625 0.06484375 0.07890625
2 0.4453125 0.67421875 0.0703125 0.071875
2 0.44296875 0.74375 0.06796875 0.07578125
2 0.44296875 0.80859375 0.06015625 0.06875
2 0.4390625 0.875 0.0640625 0.06875
2 0.43984375 0.940625 0.0625 0.06875
2 0.63203125 0.80625 0.06875 0.0796875
2 0.63046875 0.87578125 0.07265625 0.06875
2 0.63046875 0.94453125 0.0625 0.07265625
2 0.93046875 0.35 0.071875 0.07734375
2 0.928125 0.2796875 0.06796875 0.07734375
2 0.93359375 0.215625 0.07578125 0.06328125
2 0.9328125 0.146875 0.06640625 0.07421875
2 0.93359375 0.07890625 0.0703125 0.07265625
4 0.4421875 0.0796875 0.06875 0.07578125
4 0.4421875 0.14609375 0.0640625 0.07265625
4 0.440625 0.21171875 0.06640625 0.07890625
4 0.44375 0.28125 0.0609375 0.071875
4 0.44375 0.35390625 0.06484375 0.0859375
4 0.63671875 0.21875 0.07578125 0.07890625
4 0.6359375 0.14921875 0.071875 0.07734375
4 0.63359375 0.08046875 0.06875 0.07421875
4 0.9296875 0.67734375 0.06796875 0.07578125
4 0.92734375 0.7453125 0.06796875 0.0671875
4 0.928125 0.81015625 0.06875 0.07734375
4 0.9265625 0.87578125 0.06875 0.071875
4 0.92421875 0.94453125 0.06484375 0.0703125
4 0.0640625 0.8765625 0.06796875 0.0671875
4 0.06484375 0.94375 0.0703125 0.07421875