0 0.4832392567888514 0.4842924666619092 0.9664785135777028 0.13195927412312577
3 0.5401743478350394 0.4773871968102773 0.09866428413027997 0.08655705547083344
3 0.6496480583725005 0.486542031632048 0.07689569994353018 0.061084276785486225
3 0.46232236362005497 0.47451807636930515 0.07395271046687402 0.06413654160312507
3 0.39482405047999275 0.4948136989944788 0.0707367052052021 0.06250130642076393
3 0.3217050688958442 0.49105422577996494 0.07707771046687392 0.06420927678548623
1 0.4985439158132504 0.48679987082222176 0.9970878316265008 0.9201502583555564
4 0.9396422687687874 0.3432589314239575 0.07936825256024846 0.07674564437666671
4 0.8715825135071155 0.34640342164031174 0.07606124203690498 0.07354790919430565
4 0.7911592661379514 0.34749510258611044 0.08387374203690498 0.07372974715020834
4 0.9257485558122518 0.5550140490151381 0.08231124203690499 0.07369337955902786
4 0.8546093031814159 0.5574500244138534 0.07936825256024846 0.0767456443766669
4 0.787285295288908 0.5613575808346173 0.08056673151356133 0.0705320119678472
4 0.7190813268589391 0.5535827548465619 0.07744173151356151 0.07045927678548622
4 0.6474338400131188 0.5513494140408675 0.08387374203690498 0.07372974715020852
4 0.06325844815974037 0.8294309672305902 0.08267526308359245 0.07994337955902786
4 0.015928264857827015 0.8443851264248957 0.03185652971565403 0.07681837955902786
4 0.34358412905213465 0.10200990957555527 0.07936825256024874 0.07674564437666671
4 0.2759338974679861 0.09812314979190948 0.08231124203690499 0.07369337955902786
4 0.20727490272965796 0.09816082380385398 0.08874325256024873 0.07696384992375008
4 0.13659838168297056 0.10604736540697904 0.07918624203690508 0.07362064437666671
4 0.06857642377634536 0.09514753941892355 0.0853452367752332 0.07220361474138896
2 0.955454797496221 0.11195438003718669 0.07780575256024883 0.07670927678548618
2 0.8916653132812365 0.10875795127558952 0.07753273677523324 0.07202177678548619
2 0.8254410738045802 0.1071785739007632 0.08047572625188941 0.06896951196784729
2 0.7583445790662521 0.10717988032152714 0.07431673151356133 0.07038654160312507
2 0.6867880974821036 0.10338403951583275 0.07918624203690498 0.07362064437666671
2 0.18452983453968544 0.3413295955553471 0.08681673151356133 0.0706774823325695
2 0.11288234769386504 0.33909625474965266 0.0775327367752332 0.07202177678548623
2 0.04748486084804467 0.33671744357923605 0.0806577367752332 0.07209451196784729
2 0.3028038794756577 0.5476679016917705 0.07918624203690508 0.07362064437666671
2 0.23547987158314987 0.5515754581125345 0.08231124203690507 0.07369337955902786
2 0.16512186895231395 0.5539932497156596 0.08056673151356133 0.0705320119678472
2 0.09374739789150913 0.5470724089099652 0.07744173151356137 0.07045927678548622
2 0.03309926077039879 0.5463288329219097 0.06619852154079758 0.07056837955902787
2 0.8258879798003587 0.876436413756527 0.08681673151356151 0.0706774823325695
2 0.8938112271695229 0.8756356735401727 0.08552724729857672 0.07532861474138883