1 0.500609375 0.49928301886792453 0.8810156250000002 0.8795283018867924
0 0.497 0.4898301886792453 0.03726562500000004 0.8345471698113206
3 0.7361718749999999 0.49201886792452826 0.03004687500000003 0.03483018867924535
3 0.6622656250000001 0.5224905660377359 0.028843750000000057 0.03773584905660377
2 0.37259374999999995 0.26269811320754716 0.06971875000000001 0.07837735849056608
2 0.36478125 0.18577358490566037 0.066109375 0.07547169811320754
2 0.373203125 0.10739622641509435 0.07090624999999999 0.07547169811320754
2 0.550484375 0.10958490566037736 0.0745156249999999 0.07401886792452829
2 0.54928125 0.18360377358490568 0.06971875000000001 0.07401886792452829
2 0.550484375 0.25907547169811324 0.06971875000000001 0.07983018867924528
2 0.548078125 0.336 0.06731250000000007 0.07692452830188676
2 0.54928125 0.4092830188679245 0.06971875000000001 0.0812830188679245
2 0.8942343749999999 0.8055094339622642 0.07210937500000014 0.08707547169811317
2 0.8960312500000001 0.8853396226415094 0.07331250000000011 0.08418867924528303
2 0.108171875 0.5631320754716981 0.072109375 0.0812830188679246
2 0.108171875 0.6444150943396226 0.074515625 0.07837735849056597
2 0.105765625 0.7220566037735849 0.074515625 0.07983018867924539
2 0.10396875000000001 0.8011698113207547 0.07331249999999997 0.08418867924528303
2 0.10215624999999999 0.8809811320754717 0.072109375 0.0812830188679246
4 0.115390625 0.10958490566037736 0.06971875000000001 0.08273584905660376
4 0.115984375 0.18796226415094341 0.068515625 0.07692452830188681
4 0.115984375 0.26343396226415094 0.068515625 0.07692452830188676
4 0.112984375 0.3374528301886792 0.06971875000000001 0.07692452830188676
4 0.110578125 0.4136415094339622 0.06971875000000001 0.0812830188679245
4 0.36659375 0.7242452830188679 0.06731250000000007 0.07837735849056597
4 0.3671875 0.8026037735849056 0.06851562500000004 0.07837735849056597
4 0.37799999999999995 0.8809811320754717 0.06851562500000004 0.0812830188679246
4 0.551078125 0.5696603773584906 0.06851562500000004 0.07692452830188676
4 0.549875 0.6444150943396226 0.0661093750000001 0.0812830188679246
4 0.5528906250000001 0.7235094339622641 0.07451562500000009 0.08562264150943395
4 0.549875 0.8018867924528302 0.0661093750000001 0.08273584905660382
4 0.8846093749999999 0.1908490566037736 0.06971874999999983 0.07401886792452829
4 0.8810156250000001 0.11249056603773586 0.06731249999999989 0.07983018867924528