1 0.5 0.5 1 1
0 0.5059102711362102 0.4518475566801458 0.21216279345354677 0.8895139614271279
3 0.2925323066155728 0.5750388481425347 0.06333830290255768 0.08967343281265376
3 0.3666320055271136 0.5376441162848619 0.07293155771188112 0.09810261925610325
2 0.05732889427970269 0.22888971038222006 0.08359623920022678 0.0892028199775952
2 0.06287205534962838 0.28674705840804376 0.09313493030721938 0.09569402192492066
2 0.07253972122887747 0.35207415756046645 0.0869940577118811 0.09911849194453307
2 0.324823929126093 0.16490161114803953 0.08370536660488845 0.09307878896984327
2 0.3345734405588384 0.2331356870446482 0.09184524881887368 0.1052710696623819
2 0.7358953491816933 0.056557869489491826 0.08839286660488846 0.09341741319931993
2 0.7445907921027844 0.1151584602770598 0.08219743030721922 0.09490389872280844
2 0.7548214531727101 0.17267718407340688 0.08693949400955017 0.0971805074484091
2 0.7622272146054556 0.2410805720847539 0.09039187622353531 0.10903416391147111
2 0.7499678390997103 0.6954059478202572 0.08510417549789598 0.08737771022463015
2 0.7617064364673052 0.7508738123773214 0.08365080290255769 0.09114080447371924
2 0.7646330290255766 0.7992105500372633 0.08110615626060227 0.05614420880032793
4 0.9498760698624167 0.6498937913863564 0.08683036660488881 0.0933045384561612
4 0.9591133828893664 0.7064435229346414 0.08177323422126719 0.09307878896984327
4 0.9666815908289909 0.7526825209149325 0.06663681834201825 0.05682145725928107
4 0.8842088528098906 0.15264966566253746 0.09184524881887342 0.1052710696623819
4 0.8776116232283104 0.08515883252767302 0.08968254809323425 0.08384036546185865
4 0.8688343347537231 0.035236423169368924 0.09151786660488845 0.07047284633873785
4 0.4811484064302382 0.8235732849128485 0.09140873920022692 0.08976719369338959
4 0.48865337158384803 0.8676954293510658 0.08288691106992552 0.0640090215279828
4 0.13880464980681634 0.787133467293578 0.09458830290255768 0.09193092767583134
4 0.1397694382814037 0.8492054085411265 0.08817461179556511 0.08566547521482382
4 0.15156259935132937 0.9066112575943145 0.08359623920022682 0.0892028199775952
4 0.16386419190960075 0.9542707467953032 0.08428571996293313 0.05830794278276968