1 0 0.78007905 0.8568786828125001 0.8472294203124999 0.960080453125 0.19753636875 0.1294890921875 0.040959185937499996 0 0.76810540625 0 0.78007905
3 0.40112573656054595 0.29453125 0.04215326674922295 0.0328125
3 0.500614160258029 0.3390625 0.04386131596343468 0.0359375
2 0.16400253391273076 0.08515625 0.09121150496239876 0.0796875
2 0.23600381244877805 0.09921875 0.08950345574818704 0.0765625
2 0.310494390199037 0.11015625 0.08608735731976358 0.0703125
2 0.38096955603863725 0.1234375 0.08616013192686953 0.071875
2 0.45069985918179045 0.1359375 0.09062930810555195 0.0671875
2 0.7587498378844535 0.39921875 0.07983735731976367 0.0703125
2 0.8240473521524769 0.40625 0.07478598428423452 0.0625
2 0.8853294545098418 0.415625 0.06980738585581107 0.05625
2 0.863045577959656 0.55859375 0.07464043507002245 0.059375
2 0.8023264017809737 0.55390625 0.06980738585581107 0.05625
2 0.7396273486378204 0.54140625 0.06988016046291676 0.0578125
2 0.6783452462804556 0.53203125 0.06988016046291676 0.0578125
2 0.6121937074053261 0.5265625 0.08103598428423417 0.0625
2 0.1265686147678709 0.7546875 0.08586903349844599 0.065625
2 0.05345860049984723 0.74765625 0.08601458271265772 0.06875
0 0.4893962162966662 0.4625 0.8416524607105857 0.15625
4 0.667594106700591 0.17578125 0.08288958271265763 0.06875
4 0.7350170471472971 0.1875 0.07344180810555194 0.0671875
4 0.7937734629868973 0.20078125 0.07776543507002245 0.059375
4 0.8557276534336034 0.2125 0.07144266046291677 0.0578125
4 0.9146296184874153 0.22265625 0.07478598428423452 0.0625
4 0.12565270161435782 0.3046875 0.07798375889134013 0.0640625
4 0.19914370554329924 0.3203125 0.08586903349844599 0.065625
4 0.2744883079006641 0.3296875 0.08423375889134013 0.0640625
4 0.102005378207325 0.46015625 0.08601458271265772 0.06875
4 0.17411581865403108 0.471875 0.09397263192686944 0.071875
4 0.24867917101139594 0.48125 0.0909204065339753 0.0734375
4 0.3218255725829725 0.4875 0.08601458271265772 0.06875
4 0.39010253763678443 0.49765625 0.08586903349844607 0.065625
4 0.7500210773404834 0.8046875 0.08103598428423435 0.0625
4 0.8222406796978483 0.8140625 0.0796190334984459 0.065625