1 0.077711640625 0.8420138890625 0.940806878125 0.7886904765625 0.922619046875 0.1351686515625 0.071097884375 0.096726190625 0.077711640625 0.8420138890625
3 0.38671875 0.30859375 0.03671875 0.02734375
3 0.49375 0.33828125 0.03828125 0.03125
2 0.11328125 0.13515625 0.07734375 0.06953125
2 0.1875 0.1390625 0.07734375 0.06484375
2 0.26328125 0.13984375 0.07578125 0.0609375
2 0.33515625 0.14296875 0.07421875 0.06328125
2 0.40703125 0.1453125 0.0796875 0.05703125
2 0.7609375 0.36171875 0.06953125 0.0609375
2 0.8265625 0.359375 0.06640625 0.05234375
2 0.8890625 0.36015625 0.0609375 0.0484375
2 0.89375 0.50390625 0.06484375 0.05078125
2 0.8328125 0.5078125 0.0609375 0.0484375
2 0.76796875 0.50390625 0.0609375 0.05078125
2 0.70546875 0.503125 0.0609375 0.05078125
2 0.6390625 0.50703125 0.07109375 0.05234375
2 0.20078125 0.79921875 0.07421875 0.05546875
2 0.1265625 0.80234375 0.07421875 0.059375
0 0.50546875 0.46171875 0.83828125 0.040625
4 0.62890625 0.1546875 0.07109375 0.05859375
4 0.69765625 0.15703125 0.0625 0.05859375
4 0.75859375 0.16171875 0.06953125 0.05078125
4 0.821875 0.1640625 0.0625 0.04921875
4 0.88203125 0.16640625 0.06484375 0.05234375
4 0.11640625 0.35703125 0.06796875 0.0546875
4 0.1921875 0.36171875 0.07578125 0.05546875
4 0.26796875 0.3609375 0.07578125 0.0546875
4 0.121875 0.51328125 0.07421875 0.059375
4 0.1953125 0.5140625 0.0828125 0.0609375
4 0.27109375 0.51328125 0.0796875 0.06171875
4 0.34453125 0.509375 0.07421875 0.05859375
4 0.4140625 0.509375 0.07421875 0.05546875
4 0.82734375 0.76171875 0.07109375 0.053125
4 0.9 0.7609375 0.06796875 0.05546875