1 1 0.670474075 0.87145293125 0.0748536484375 0.026615134375 0.1602310671875 0.17122016874999998 0.8967036671875 1 0.7210628921875 1 0.670474075
3 0.37614739288512417 0.3244626270526083 0.04215326674922295 0.033048849336070066
3 0.48695861434907695 0.3378842567374952 0.04386131596343468 0.03618293969514967
2 0.07535752667402046 0.19180115973911627 0.09121150496239874 0.08019656010845858
2 0.149285178245597 0.1851193676828344 0.08950345574818704 0.077062469749379
2 0.2238485306029619 0.17530803044701276 0.08608735731976358 0.07079428903121973
2 0.2946147948709855 0.16786316910889015 0.08616013192686944 0.07235678903121974
2 0.3661259218354562 0.15963251259122774 0.09062930810555195 0.06769656010845856
2 0.7542723928851242 0.32226276015534083 0.07983735731976367 0.0707579275949013
2 0.8186067206353833 0.31094801025353663 0.07478598428423452 0.06291815651766246
2 0.879925210296301 0.3019951910698918 0.06980738585581073 0.05664088544042354
2 0.911547699542934 0.44403724532461786 0.07464043507002245 0.05979315651766228
2 0.8519736463997809 0.45688722414918315 0.06980738585581107 0.05664088544042354
2 0.7873482202210985 0.4619519740509873 0.06988016046291676 0.05820338544042354
2 0.7259933432566277 0.4701235432346322 0.06988016046291676 0.05820338544042354
2 0.6617681774170275 0.48378204313643636 0.08103598428423417 0.06295451795398091
2 0.2843560767122925 0.8368540636245001 0.08586903349844607 0.06610678903121965
2 0.21231841087269226 0.8505580153217022 0.08601458271265772 0.06923178903121965
0 0.5215048963997808 0.45880983509452233 0.8416524607105857 0.1611042517485158
4 0.5862008273359743 0.13647122678146184 0.08288958271265763 0.06921360831306052
4 0.6538420916039979 0.12904454616149846 0.07344180810555194 0.06759656615858281
4 0.7153789050862333 0.12477922697785356 0.07776543507002245 0.05981133723582164
4 0.7775878066578098 0.11816561261466885 0.07144266046291677 0.05821247579950319
4 0.8374529582293864 0.11156563379010356 0.07478598428423418 0.06291815651766242
4 0.11917610897239342 0.41113696701890445 0.07798375889134013 0.06449883723582168
4 0.19470264784752295 0.405227334603543 0.08586903349844599 0.06610678903121965
4 0.269156838294229 0.39307224736772134 0.08423375889134022 0.06453519867214012
4 0.15368815777232037 0.5648841357350112 0.08601458271265772 0.06923178903121965
4 0.22590776012968522 0.5550864340378089 0.09397263192686944 0.0724022408266178
4 0.30039833787994424 0.5437125968019872 0.0909204065339753 0.07394656010845857
4 0.3723996164159915 0.529227395104785 0.08601458271265772 0.06923178903121965
4 0.44067658146980343 0.5186711693052819 0.08586903349844607 0.06610678903121965
4 0.894159108143824 0.7082724621471306 0.08103598428423453 0.06295451795398091
4 0.9628575845724299 0.6969168056294682 0.07428483085514018 0.0660704275949012