3 0.6837125716434317 0.6436275628379431 0.04202247925407576 0.03151685944055682
3 0.662402784215294 0.5596686840121876 0.04737881155011273 0.0332777011159644
2 0.8517895593610191 0.8724490652403191 0.07267153942112674 0.06578569229894637
2 0.8632482284499788 0.8173621410314026 0.07397362275446007 0.06585969178029827
2 0.8760829803536238 0.7616167944288379 0.07252354045842264 0.06432084854894637
2 0.8844392964860956 0.7080723557618797 0.07893529114995346 0.06371428345570584
2 0.8974022372728022 0.654298634029653 0.07732749706292925 0.067021252983678
2 0.6749401415870637 0.35780867149907625 0.09231116822454617 0.06156159050990073
2 0.687434418991875 0.30867362164184964 0.07964537863247194 0.05792890793705774
2 0.6970038653108279 0.26256440094691924 0.0746440900776939 0.05327537850232611
2 0.5085523537276868 0.23540305479454326 0.07824462932400274 0.056878345955705845
2 0.49322219838386966 0.2802027153233902 0.0746440900776939 0.05327537850232611
2 0.4879880452875276 0.3287681998280522 0.07794863139859516 0.053948658455705845
2 0.4789956411538894 0.37564684213865857 0.07794863139859516 0.053948658455705845
2 0.4623435923970967 0.4238089718064916 0.08069108419968203 0.061872157677733686
2 0.02473655907443943 0.7016130945294236 0.04947311814887886 0.06513484284381721
2 0.017692807949734275 0.7566851611786084 0.03538561589946855 0.06535684128787289
0 0.5006391245513444 0.5308319992321875 0.1905433459750574 0.6366094806818094
4 0.9203603488792305 0.48863450656607454 0.07748520885391663 0.06217544022435395
4 0.9272419162218813 0.4367250527927644 0.07358867168220022 0.055642785270974215
4 0.9335314877137172 0.3906749740194543 0.07077746023697824 0.05985231781759448
4 0.9405214338597875 0.3441736137368201 0.06567750570706436 0.05422222588286285
4 0.9451094017036046 0.2987634574868201 0.06587483765733608 0.05617535088286285
4 0.5758420866784214 0.8363865040966905 0.08369962759517573 0.0596157501311132
4 0.5822404213967515 0.7795387382123664 0.08689579011265754 0.06562312409381699
4 0.5954253606275137 0.7235677508551398 0.08494266511265754 0.06551212487178937
4 0.3705868242308667 0.80704246156174 0.09075270712508961 0.06535684128787267
4 0.38136978515937575 0.7521626782371476 0.0945999113092381 0.07140121499125263
4 0.3949049117172552 0.6959660501252589 0.09505362102563304 0.06948508973192857
4 0.41214895632486304 0.641944545457426 0.08945062379175628 0.06528284180652077
4 0.4232129615132793 0.5907638712485095 0.08684645712508961 0.06513484284381699
4 0.15685603958433358 0.24267080316723677 0.08264420919968203 0.06198315689976153
4 0.17047002203770678 0.18893408117568605 0.08570208558274366 0.06021503060314126
1 0.49366071109752147 0.5245095508391258 0.9873214221950429 0.7980425391782515