3 0.7357699867803745 0.5279623661684685 0.03975281601563374 0.030991578449880652
3 0.6931608737264603 0.4529526290064605 0.045029353976880536 0.03275242012528823
2 0.9458538641671023 0.7086271878060129 0.03995123449639889 0.06314414146852876
2 0.9451904316944845 0.6531481240093926 0.046461651163065554 0.06351413887528823
2 0.9458631848691569 0.5968626388564204 0.050299696535152094 0.06227129356934391
2 0.9427960647453643 0.544198621027166 0.06134466999251398 0.06241200791083501
2 0.9437033992494853 0.48984776100385585 0.06475902245764568 0.06601497536421475
2 0.6525865458707635 0.25754092166817033 0.08787823419404894 0.06051102852854884
2 0.6523013365531581 0.20788423313087406 0.07602307493822187 0.05691534569638179
2 0.6492414489991022 0.16203765293128164 0.07063286259711903 0.052713097770974215
2 0.4578765338827957 0.17900059244467148 0.07467552185294608 0.0558647837150299
2 0.4547515256035182 0.2251986701806854 0.07063286259711903 0.052713097770974215
2 0.46228913275834166 0.27249523657054625 0.0738880709304522 0.05289809647435395
2 0.4656290713937885 0.3192998793998007 0.0738880709304522 0.05289809647435395
2 0.4620193981493794 0.3689344257561526 0.07620495394599125 0.06082159569638179
2 0.08806203574858762 0.7374103145075843 0.0822007382018185 0.06408428086246509
2 0.08673824090724852 0.7937327994012324 0.08675802986848517 0.06434327904719694
0 0.5274821369977792 0.4621249223834885 0.14195819833616832 0.6362837676369385
4 0.9331813555370522 0.32535640999278237 0.08469123048862907 0.0617908735751691
4 0.9274418641186792 0.27430523487623165 0.08374463543433712 0.055406217584493156
4 0.9188140200839999 0.22950557434738472 0.07483466598474446 0.0592827524650299
4 0.9141492632392486 0.18326321224948217 0.07200315055836597 0.05425194100232611
4 0.908765260099917 0.13852269364225553 0.07597760518627943 0.05593878319638179
4 0.6809512081631701 0.7361002543954466 0.07934648789946881 0.05856518814976153
4 0.6724980105665237 0.6805769062369377 0.08224620795376077 0.06506084336246531
4 0.6702524436791818 0.6242137792920073 0.08027034807778961 0.06446156289043747
4 0.47228821912825464 0.7550202495367491 0.08675802986848513 0.06434327904719694
4 0.46833547600834674 0.7004586063185084 0.08898397338013941 0.07031365326922479
4 0.467089206496976 0.6435516985125641 0.09017238233361684 0.06794624650057668
4 0.4696696149197061 0.5881317766375641 0.0854559465351518 0.06426927956584505
4 0.4675108526679999 0.5368771029472957 0.08220073820181846 0.06408428086246531
4 0.11553504522745257 0.2659044104618388 0.07815807894599136 0.06093259491840963
4 0.11515166383622584 0.2113834092948806 0.08132234777543994 0.05916446862178937
1 0.4969876289338173 0.46565082467952235 0.9939752578676346 0.7861757902155477